0.000168
0.000107
0.023667
0.000138
0.000138
0.023697
0.000107
9.2e-05
0.023774
0.000123
9.2e-05
0.023774
0.000123
0.000138
0.023743
0.000123
7.7e-05
0.023758
9.2e-05
7.7e-05
0.023835
0.000138
0.000123
0.023774
0.000107
0.000107
0.023743
0.000123
0.000107
0.023774
9.2e-05
7.7e-05
0.023819
9.2e-05
7.7e-05
0.023865
0.000168
9.2e-05
0.023682
0.000107
0.000107
0.023774
0.000107
0.000107
0.023804
0.000123
9.2e-05
0.023774
0.000123
9.2e-05
0.023789
0.000138
9.2e-05
0.023774
0.000123
0.000107
0.023804
0.000199
0.000107
0.023636
0.000107
0.000107
0.023865
0.000153
9.2e-05
0.023606
0.000123
9.2e-05
0.023865
0.000123
9.2e-05
0.023667
0.000123
0.000107
0.063828
0.000138
9.2e-05
0.000107
0.000107
9.2e-05
0.000107
9.2e-05
0.000107
0.000107
0.000107
9.2e-05
0.000107
0.000107
9.2e-05
0.000107
9.2e-05
9.2e-05
0.000107
9.2e-05
0.047745
0.000123
9.2e-05
0.000107
9.2e-05
0.000107
0.063447
0.000138
0.000107
9.2e-05
0.000107
9.2e-05
0.000107
9.2e-05
0.023346
0.000153
0.000123
0.023667
0.000138
9.2e-05
0.023713
0.000123
0.000123
0.023758
0.000123
9.2e-05
0.023774
0.000107
9.2e-05
0.023774
0.000138
0.000107
0.023743
0.000153
0.000107
0.023743
0.000107
9.2e-05
0.023774
0.000107
0.000107
0.023789
0.000107
0.000107
0.023789
0.000138
0.000107
0.023728
0.000107
0.000107
0.023774
0.000107
0.000107
0.023774
0.000107
0.000107
0.023774
0.000107
0.000107
0.023789
0.000123
0.000107
0.023758
0.000123
0.000107
0.000138
0.000107
0.023819
0.000138
0.000107
0.023591
0.000138
0.000107
0.023758
0.000107
9.2e-05
0.023774
0.000107
0.000107
0.023819
0.000153
0.000107
0.023728
0.000123
9.2e-05
0.023743
0.000107
9.2e-05
0.023819
0.000123
0.000107
0.023743
0.000138
0.000123
0.023728
0.000138
0.000138
0.023697
0.000123
9.2e-05
0.023789
0.000107
9.2e-05
0.023789
0.000138
9.2e-05
0.023789
0.000138
9.2e-05
0.023758
0.000138
0.000107
0.023743
0.000138
0.000107
0.023728
0.000123
0.000107
0.023758
0.000153
0.000123
0.023728
0.000123
0.000107
0.023743
0.000123
0.000107
0.023743
0.000123
0.000107
0.023774
0.000153
0.000123
0.023697
0.000107
0.000107
0.023758
0.000107
9.2e-05
0.023774
0.000123
0.000107
0.023758
0.000107
0.000107
0.023804
0.000107
0.000107
0.023758
0.000107
0.000107
0.023758
0.000107
0.000123
0.02385
0.000138
0.000107
0.023713
0.000138
0.000123
0.023682
0.000107
0.000107
0.02385
0.000123
0.000107
0.023713
0.000107
9.2e-05
0.023774
0.000107
0.000107
0.023758
0.000107
0.000107
0.023804
0.000138
0.000107
0.023743
0.000107
0.000107
0.023789
0.000123
0.000107
0.023743
0.000123
0.000107
0.023774
0.000123
9.2e-05
0.023774
0.000107
0.000107
0.023804
0.000138
9.2e-05
0.023728
0.000168
0.000107
0.023728
0.000107
9.2e-05
0.023835
0.000138
0.000107
0.023743
0.000123
9.2e-05
0.023774
0.000107
0.000107
0.023774
0.000123
0.000107
0.023758
0.000107
0.000107
0.023743
0.000123
0.000123
0.023835
0.000107
0.000107
0.023682
0.000107
0.000107
0.023789
0.000123
0.000107
0.023774
0.000138
9.2e-05
0.023758
0.000123
9.2e-05
0.063767
0.000123
0.000107
9.2e-05
0.000107
9.2e-05
0.000107
9.2e-05
0.048234
0.000123
9.2e-05
0.000107
0.000107
0.000107
0.054429
0.000107
0.000107
0.000107
9.2e-05
0.000107
0.000107
0.048356
0.000123
0.000107
9.2e-05
0.000107
9.2e-05
0.023484
0.000138
9.2e-05
0.023728
0.000138
0.000107
0.023758
0.000153
0.000123
0.023743
0.000153
0.000123
0.023697
0.000123
0.000107
0.023743
0.000138
9.2e-05
0.023728
0.000153
0.000107
0.023804
0.000153
0.000107
0.023652
0.000107
0.000107
0.023789
0.000123
0.000123
0.023728
0.000107
0.000107
0.023789
0.000107
9.2e-05
0.023789
0.000138
0.000107
0.023743
0.000107
0.000107
0.023789
9.2e-05
0.000107
0.023774
0.000123
0.000107
0.023758
0.000107
9.2e-05
0.023926
0.000168
0.000138
0.02356
0.000107
0.000107
0.023804
0.000123
0.000107
0.023728
0.000107
0.000107
0.023774
0.000123
0.000107
0.023774
0.000123
0.000107
0.023819
0.000123
0.000123
0.023682
0.000107
0.000107
0.023774
0.000107
9.2e-05
0.023789
0.000123
0.000107
0.023789
0.000138
0.000138
0.023682
0.000123
9.2e-05
0.023774
0.000107
9.2e-05
0.023789
0.000107
0.000107
0.023804
0.000123
0.000107
0.023758
0.000107
0.000107
0.023758
0.000123
0.000107
0.023743
0.000107
0.000107
0.023774
0.000123
0.000107
0.023774
0.000123
0.000107
0.023758
0.000184
0.000138
0.023682
0.000123
9.2e-05
0.023758
0.000107
0.000107
0.023774
0.000138
9.2e-05
0.023774
0.000107
0.000107
0.023774
0.000123
0.000107
0.023743
0.000107
0.000107
0.023789
0.000107
0.000107
0.023774
0.000123
0.000107
0.023743
0.000123
0.000107
0.023835
0.000153
0.000107
0.023682
0.000123
0.000107
0.023789
0.000107
0.000107
0.023758
9.2e-05
6.2e-05
0.023819
7.7e-05
7.7e-05
0.023835
7.7e-05
7.7e-05
0.023835
9.2e-05
6.2e-05
0.023819
9.2e-05
7.7e-05
0.023835
9.2e-05
6.2e-05
0.023804
0.000168
7.7e-05
0.023789
0.000153
9.2e-05
0.024048
0.000138
0.000107
0.023407
0.000138
0.000107
0.023728
0.000123
0.000123
0.023774
9.2e-05
7.7e-05
0.023819
9.2e-05
7.7e-05
0.023819
0.000123
7.7e-05
0.023835
9.2e-05
7.7e-05
0.02385
0.000184
9.2e-05
0.023743
0.000123
0.000123
0.023652
0.000153
0.000107
0.023728
0.000123
0.000138
0.023789
0.000153
0.000107
0.023652
0.000138
0.000123
0.023758
0.000138
0.000123
0.063691
0.000138
0.000107
0.000123
0.000107
0.000123
0.000138
0.000123
0.000138
0.000123
0.000153
9.2e-05
7.7e-05
7.7e-05
0.000123
0.000123
0.000107
0.000107
0.000123
0.000107
0.047623
0.000107
7.7e-05
6.2e-05
7.7e-05
7.7e-05
0.063584
0.000153
0.000107
0.000107
0.000107
0.000107
0.000153
0.000138
0.023087
0.000153
0.000107
0.023774
0.000153
9.2e-05
0.023682
0.000123
0.000123
0.023774
0.000138
0.000107
0.023758
9.2e-05
7.7e-05
0.023804
0.000107
7.7e-05
0.02385
0.000123
7.7e-05
0.023789
9.2e-05
7.7e-05
0.023819
9.2e-05
7.7e-05
0.023819
9.2e-05
6.2e-05
0.023835
0.000138
7.7e-05
0.023789
9.2e-05
7.7e-05
0.023819
9.2e-05
0.000107
0.023819
0.000107
7.7e-05
0.023789
7.7e-05
7.7e-05
0.023819
9.2e-05
7.7e-05
0.023865
0.000107
0.000138
0.023743
9.2e-05
7.7e-05
0.023865
0.000123
9.2e-05
0.023728
9.2e-05
7.7e-05
0.023835
0.000123
0.000107
0.023758
9.2e-05
7.7e-05
0.02385
0.000123
7.7e-05
0.023758
9.2e-05
7.7e-05
0.023819
9.2e-05
7.7e-05
0.023804
9.2e-05
7.7e-05
0.023835
0.000107
7.7e-05
0.023835
0.000138
0.000107
0.023743
0.000107
0.000123
0.023774
9.2e-05
6.2e-05
0.023942
0.000153
0.000123
0.023621
9.2e-05
0.000123
0.023789
0.000184
9.2e-05
0.023743
0.000107
7.7e-05
0.023758
0.000123
0.000123
0.023758
0.000123
0.000123
0.023758
0.000123
0.000123
0.023758
0.000123
0.000107
0.023743
0.000138
0.000107
0.023743
0.000123
0.000107
0.023774
0.000123
0.000123
0.023743
0.000107
0.000123
0.023789
0.000138
0.000107
0.023713
0.000138
0.000107
0.023758
9.2e-05
7.7e-05
0.023819
0.000107
9.2e-05
0.023835
9.2e-05
7.7e-05
0.023804
0.000107
7.7e-05
0.023774
9.2e-05
7.7e-05
0.02385
0.000123
0.000107
0.023743
0.000107
0.000123
0.023789
0.000184
0.000107
0.023697
0.000107
7.7e-05
0.023774
0.000107
6.2e-05
0.023865
0.000107
7.7e-05
0.023774
0.000107
7.7e-05
0.023819
0.000107
7.7e-05
0.023819
9.2e-05
7.7e-05
0.023819
9.2e-05
7.7e-05
0.023804
0.000107
7.7e-05
0.023804
9.2e-05
7.7e-05
0.02385
0.000123
0.000107
0.023743
0.000123
0.000123
0.023743
0.000123
0.000123
0.023774
0.000123
0.000107
0.023774
0.000138
0.000107
0.023728
0.000107
0.000123
0.023758
0.000107
7.7e-05
0.023835
0.000138
0.000123
0.023789
0.000153
0.000138
0.023682
0.000153
0.000153
0.023713
0.000168
0.000123
0.023636
0.000107
7.7e-05
0.023835
9.2e-05
9.2e-05
0.023804
0.000123
7.7e-05
0.023804
0.000168
0.000107
0.023713
0.000107
9.2e-05
0.023789
0.000123
9.2e-05
0.023743
0.000107
9.2e-05
0.023819
9.2e-05
0.000107
0.023819
9.2e-05
7.7e-05
0.023789
0.000107
7.7e-05
0.023804
9.2e-05
7.7e-05
0.023819
7.7e-05
7.7e-05
0.02385
9.2e-05
7.7e-05
0.023819
9.2e-05
7.7e-05
0.023865
0.000138
0.000107
0.023728
0.000107
6.2e-05
0.023819
7.7e-05
7.7e-05
0.023865
9.2e-05
0.000138
0.023743
0.000107
7.7e-05
0.023819
9.2e-05
7.7e-05
0.023835
0.000107
7.7e-05
0.023819
9.2e-05
7.7e-05
0.023758
0.000123
0.000123
0.023682
0.000138
0.000107
0.023896
0.000153
0.000107
0.023636
0.000107
6.2e-05
0.023835
0.000107
6.2e-05
0.023835
9.2e-05
7.7e-05
0.023819
0.000138
0.000153
0.023774
0.000153
0.000123
0.023728
0.000168
0.000107
0.023606
0.000138
0.000107
0.02385
0.000168
0.000107
0.023758
0.000168
0.000107
0.063721
0.000123
6.2e-05
7.7e-05
7.7e-05
7.7e-05
0.000123
0.000123
0.000229
0.000168
0.000107
0.000107
0.000123
0.000107
0.000107
0.000107
0.000107
0.000123
0.000107
0.000107
