0.000153
0.000107
0.023667
9.2e-05
9.2e-05
0.023835
0.000107
7.7e-05
0.023804
0.000138
0.000123
0.023697
9.2e-05
9.2e-05
0.023789
9.2e-05
7.7e-05
0.023819
9.2e-05
7.7e-05
0.02385
7.7e-05
0.000107
0.023804
9.2e-05
7.7e-05
0.023819
0.000107
7.7e-05
0.02385
0.000138
0.000107
0.023728
0.000107
7.7e-05
0.02385
0.000138
0.000107
0.023713
0.000107
7.7e-05
0.023804
0.000107
9.2e-05
0.023789
9.2e-05
7.7e-05
0.023789
9.2e-05
7.7e-05
0.02385
9.2e-05
7.7e-05
0.023819
9.2e-05
9.2e-05
0.02385
0.000107
7.7e-05
0.023774
9.2e-05
0.000107
0.023819
9.2e-05
7.7e-05
0.023804
9.2e-05
9.2e-05
0.023819
7.7e-05
7.7e-05
0.023804
0.000123
9.2e-05
0.023789
9.2e-05
7.7e-05
0.023819
9.2e-05
9.2e-05
0.023819
9.2e-05
7.7e-05
0.023804
9.2e-05
7.7e-05
0.023835
9.2e-05
7.7e-05
0.023819
0.000107
7.7e-05
0.023835
0.000138
0.000107
0.023728
0.000107
7.7e-05
0.023804
9.2e-05
7.7e-05
0.023804
7.7e-05
7.7e-05
0.023819
9.2e-05
0.000107
0.023804
9.2e-05
7.7e-05
0.023835
7.7e-05
0.000107
0.023819
0.000123
9.2e-05
0.023789
0.000107
7.7e-05
0.023789
9.2e-05
7.7e-05
0.023804
7.7e-05
7.7e-05
0.023881
7.7e-05
7.7e-05
0.023789
9.2e-05
7.7e-05
0.023835
7.7e-05
7.7e-05
0.023881
9.2e-05
7.7e-05
0.023804
9.2e-05
7.7e-05
0.023804
7.7e-05
9.2e-05
0.063828
9.2e-05
7.7e-05
7.7e-05
7.7e-05
7.7e-05
7.7e-05
7.7e-05
0.063462
0.000123
7.7e-05
9.2e-05
7.7e-05
7.7e-05
0.000107
0.000107
0.000153
0.000107
9.2e-05
9.2e-05
0.000107
0.063416
0.000107
9.2e-05
7.7e-05
7.7e-05
7.7e-05
7.7e-05
7.7e-05
0.063401
0.000123
7.7e-05
7.7e-05
7.7e-05
7.7e-05
7.7e-05
7.7e-05
0.063355
0.000153
0.000123
0.000153
0.000107
0.000123
0.000107
0.000123
0.023118
0.000107
7.7e-05
0.023819
9.2e-05
7.7e-05
0.023789
9.2e-05
7.7e-05
0.023835
9.2e-05
7.7e-05
0.023835
7.7e-05
7.7e-05
0.023835
9.2e-05
7.7e-05
0.023819
9.2e-05
7.7e-05
0.02385
7.7e-05
7.7e-05
0.023865
0.000107
9.2e-05
0.023774
0.000123
0.000107
0.023758
0.000138
0.000107
0.023728
0.000123
9.2e-05
0.023774
0.000107
0.000107
0.023789
0.000138
9.2e-05
0.023743
0.000107
9.2e-05
0.023774
0.000168
9.2e-05
0.023728
0.000107
0.000107
0.023835
0.000123
0.000107
0.023697
0.000138
0.000123
0.023743
0.000107
0.000107
0.023774
0.000123
9.2e-05
0.023774
0.000107
0.000107
0.023789
0.000107
0.000107
0.023758
0.000107
0.000107
0.023789
0.000138
9.2e-05
0.023774
0.000107
9.2e-05
0.023774
0.000123
0.000107
0.023774
0.000107
9.2e-05
0.023804
0.000123
9.2e-05
0.023774
0.000123
9.2e-05
0.023789
0.000138
9.2e-05
0.023789
0.000138
0.000107
0.023743
0.000123
9.2e-05
0.023804
0.000153
0.000153
0.023697
0.000199
0.000107
0.023743
0.000123
0.000123
0.023636
0.000123
9.2e-05
0.023789
0.000138
0.000107
0.023743
0.000123
0.000107
0.023819
0.000138
0.000123
0.023713
0.000138
9.2e-05
0.023758
0.000138
0.000107
0.023682
0.000107
0.000107
0.02385
0.000138
0.000107
0.023697
0.000107
0.000107
0.023804
0.000138
0.000107
0.023758
0.000138
0.000107
0.037491
0.000138
0.000107
0.010056
0.000153
9.2e-05
0.023682
0.000138
0.000123
0.023697
0.000123
0.000107
0.023804
0.000138
0.000107
0.023713
0.000123
0.000107
0.023758
0.000184
0.000107
0.023667
0.000123
9.2e-05
0.023881
0.000168
9.2e-05
0.023713
0.000107
0.000107
0.023758
0.000123
0.000123
0.023697
0.000107
9.2e-05
0.023926
0.000168
9.2e-05
0.023652
0.000153
0.000107
0.023652
0.000123
9.2e-05
0.02385
0.000138
0.000107
0.023758
0.000123
0.000107
0.023758
0.000123
0.000123
0.023743
0.000123
0.000123
0.023667
0.000107
0.000107
0.02385
0.000123
0.000107
0.023758
0.000138
0.000107
0.023758
0.000168
0.000107
0.023667
0.000107
9.2e-05
0.023789
0.000123
0.000107
0.02385
0.000138
0.000138
0.023667
0.000138
9.2e-05
0.023682
9.2e-05
7.7e-05
0.023865
0.000107
7.7e-05
0.023835
0.000153
0.000138
0.023697
0.000138
0.000107
0.023789
0.000123
0.000107
0.023713
0.000123
0.000123
0.023743
0.000138
9.2e-05
0.023728
0.000138
0.000107
0.023758
0.000138
0.000107
0.023774
0.000153
9.2e-05
0.023728
0.000123
0.000107
0.063752
0.000153
0.000123
0.000138
0.000138
0.000138
0.000123
0.000107
0.000168
0.000123
0.000107
0.000123
9.2e-05
0.000107
0.000123
0.000107
0.000107
0.000123
0.000107
0.000123
0.047547
0.000123
0.000107
9.2e-05
0.000107
9.2e-05
0.063477
0.000138
9.2e-05
9.2e-05
0.000107
9.2e-05
0.000107
0.000107
0.039185
0.000153
0.000107
9.2e-05
0.000107
0.023545
0.000138
0.000107
0.023743
0.000153
0.000138
0.023713
0.000168
0.000138
0.023697
0.000184
0.000138
0.023636
0.000138
0.000107
0.023774
0.000138
0.000107
0.023743
0.000153
9.2e-05
0.023789
0.000168
9.2e-05
0.023667
0.000168
9.2e-05
0.023697
9.2e-05
7.7e-05
0.023804
0.000107
0.000123
0.023774
0.000107
0.000123
0.023804
0.000138
0.000123
0.023743
0.000138
0.000138
0.023865
0.000138
0.000107
0.023606
0.000153
0.000107
0.023682
0.000168
0.000123
0.023774
0.000107
7.7e-05
0.023774
0.000123
0.000107
0.023789
0.000138
0.000153
0.023606
9.2e-05
7.7e-05
0.023835
9.2e-05
7.7e-05
0.023881
0.000123
0.000107
0.023789
0.000123
0.000107
0.023728
0.000138
0.000138
0.023667
0.000123
0.000107
0.023804
0.000153
0.000107
0.023682
0.000123
0.000123
0.023835
0.000123
0.000107
0.023697
9.2e-05
7.7e-05
0.023881
0.000138
0.000123
0.023652
0.000153
0.000107
0.023774
0.000153
0.000107
0.023682
0.000168
0.000107
0.023728
0.000123
0.000107
0.023743
0.000123
0.000107
0.023804
0.000123
0.000107
0.023743
9.2e-05
6.2e-05
0.023835
0.000168
9.2e-05
0.023743
7.7e-05
7.7e-05
0.023865
0.000138
0.000138
0.023652
0.000123
0.000107
0.023835
0.000153
0.000107
0.023743
0.000153
0.000107
0.023636
0.000107
7.7e-05
0.023911
0.000153
0.000107
0.023682
9.2e-05
7.7e-05
0.023774
0.000123
0.000107
0.023819
0.000153
0.000123
0.023774
0.000138
0.000123
0.023697
0.000138
9.2e-05
0.023774
0.000184
0.000107
0.023697
0.000199
0.000107
0.023697
0.000138
0.000123
0.023652
0.000123
0.000123
0.023789
0.000153
0.000107
0.023713
0.000138
0.000107
0.023774
0.000168
0.000107
0.023713
0.000153
0.000107
0.023667
9.2e-05
7.7e-05
0.02385
0.000138
0.000123
0.023697
0.000138
0.000107
0.023743
0.000107
7.7e-05
0.023789
7.7e-05
7.7e-05
0.023835
9.2e-05
0.000123
0.023774
0.000107
9.2e-05
0.023774
9.2e-05
7.7e-05
0.02385
9.2e-05
7.7e-05
0.023804
0.000107
7.7e-05
0.023804
9.2e-05
7.7e-05
0.023865
0.000123
0.000123
0.023728
9.2e-05
0.000138
0.023743
9.2e-05
7.7e-05
0.023835
7.7e-05
7.7e-05
0.023819
9.2e-05
6.2e-05
0.023835
9.2e-05
7.7e-05
0.063797
0.000107
7.7e-05
6.2e-05
7.7e-05
7.7e-05
0.000107
0.000107
0.048371
0.000107
7.7e-05
9.2e-05
7.7e-05
6.2e-05
0.000138
9.2e-05
9.2e-05
7.7e-05
7.7e-05
7.7e-05
0.000107
9.2e-05
9.2e-05
0.000107
9.2e-05
9.2e-05
0.000138
0.000123
9.2e-05
7.7e-05
7.7e-05
9.2e-05
9.2e-05
9.2e-05
9.2e-05
9.2e-05
7.7e-05
7.7e-05
0.022919
0.000153
0.000107
0.023697
0.000107
7.7e-05
0.023789
9.2e-05
0.000168
0.023774
0.000153
0.000107
0.023682
9.2e-05
7.7e-05
0.023835
7.7e-05
7.7e-05
0.02385
0.000123
7.7e-05
0.023819
0.000138
0.000107
0.023758
0.000138
0.000123
0.023682
0.000123
7.7e-05
0.023789
0.000107
6.2e-05
0.02385
0.000123
0.000107
0.023743
0.000123
0.000107
0.023774
0.000138
0.000107
0.023743
0.000123
0.000107
0.023743
0.000107
0.000123
0.023819
9.2e-05
7.7e-05
0.023758
0.000107
7.7e-05
0.023835
0.000107
7.7e-05
0.023804
9.2e-05
7.7e-05
0.023819
0.000123
7.7e-05
0.023835
7.7e-05
7.7e-05
0.023789
9.2e-05
0.000138
0.023774
7.7e-05
7.7e-05
0.02385
9.2e-05
7.7e-05
0.023789
9.2e-05
7.7e-05
0.023865
9.2e-05
7.7e-05
0.023774
9.2e-05
7.7e-05
0.023865
0.000138
0.000107
0.023728
0.000107
7.7e-05
0.023789
0.000107
7.7e-05
0.023835
0.000107
7.7e-05
0.023774
9.2e-05
7.7e-05
0.023819
9.2e-05
7.7e-05
0.023804
9.2e-05
7.7e-05
0.023865
9.2e-05
7.7e-05
0.023804
0.000107
9.2e-05
0.023774
9.2e-05
6.2e-05
0.02385
0.000107
7.7e-05
0.023804
9.2e-05
7.7e-05
0.023835
9.2e-05
7.7e-05
0.023804
9.2e-05
6.2e-05
0.02385
7.7e-05
7.7e-05
0.02385
0.000107
6.2e-05
0.023804
0.000168
7.7e-05
0.023728
9.2e-05
6.2e-05
0.023835
9.2e-05
7.7e-05
0.023819
7.7e-05
7.7e-05
0.023865
0.000107
7.7e-05
0.023774
9.2e-05
7.7e-05
0.023881
0.000138
7.7e-05
0.023743
0.000153
0.000107
0.023728
0.000107
7.7e-05
0.023789
0.000229
0.000107
0.023835
0.000138
0.000107
0.023591
0.000138
0.000107
0.023804
0.000107
7.7e-05
0.023789
0.000138
0.000107
0.023697
0.000107
7.7e-05
0.023865
0.000123
7.7e-05
0.023713
9.2e-05
7.7e-05
0.023865
0.000138
0.000107
0.025544
0.000168
0.000107
0.021958
0.000138
0.000123
0.023697
0.000138
0.000123
0.023728
0.000214
0.000107
0.023697
0.000184
0.000107
0.023697
9.2e-05
7.7e-05
0.023743
9.2e-05
7.7e-05
0.023819
0.000138
7.7e-05
0.023804
9.2e-05
7.7e-05
0.023804
0.000107
7.7e-05
0.02385
0.000107
7.7e-05
0.023804
0.000107
7.7e-05
0.023804
0.000138
0.000123
0.063706
0.000123
0.000138
0.000138
7.7e-05
7.7e-05
7.7e-05
6.2e-05
0.000138
9.2e-05
7.7e-05
7.7e-05
7.7e-05
7.7e-05
9.2e-05
7.7e-05
7.7e-05
7.7e-05
7.7e-05
7.7e-05
0.047211
9.2e-05
7.7e-05
7.7e-05
7.7e-05
6.2e-05
0.039475
9.2e-05
7.7e-05
7.7e-05
6.2e-05
0.023713
9.2e-05
7.7e-05
0.023789
7.7e-05
7.7e-05
0.023804
9.2e-05
7.7e-05
0.023835
9.2e-05
6.2e-05
0.02385
0.000153
7.7e-05
0.023789
9.2e-05
7.7e-05
0.023835
9.2e-05
7.7e-05
0.023758
9.2e-05
7.7e-05
0.02385
0.000138
7.7e-05
0.023758
0.000153
0.000107
0.023728
0.000107
0.000123
0.023789
0.000123
0.000123
0.023774
0.000123
0.000123
0.023728
0.000123
0.000123
0.023774
0.000123
0.000107
0.023774
0.000107
7.7e-05
0.023743
9.2e-05
7.7e-05
0.023804
0.000107
7.7e-05
0.023774
9.2e-05
9.2e-05
0.023819
9.2e-05
7.7e-05
0.023835
9.2e-05
7.7e-05
0.023804
9.2e-05
7.7e-05
0.023835
9.2e-05
7.7e-05
0.023819
0.000107
7.7e-05
0.023804
9.2e-05
7.7e-05
0.023835
9.2e-05
6.2e-05
0.023819
0.000107
7.7e-05
0.023865
0.000107
7.7e-05
0.023819
9.2e-05
7.7e-05
0.023819
0.000184
0.000123
0.023682
0.000123
0.000107
0.023789
0.000138
0.000107
0.023697
0.000107
7.7e-05
0.023835
0.000138
0.000153
0.023713
0.000153
0.000123
0.023667
0.000107
7.7e-05
0.023804
0.000107
6.2e-05
0.02385
0.000107
7.7e-05
0.023804
0.000153
0.000153
0.023697
0.000138
0.000107
0.023728
0.000107
7.7e-05
0.023819
0.000107
7.7e-05
0.023789
0.000107
7.7e-05
0.023835
9.2e-05
7.7e-05
0.023789
7.7e-05
7.7e-05
0.02385
9.2e-05
7.7e-05
0.023819
9.2e-05
7.7e-05
0.023835
9.2e-05
7.7e-05
0.023835
0.000138
7.7e-05
0.023774
9.2e-05
7.7e-05
0.02385
0.000107
7.7e-05
0.023713
9.2e-05
6.2e-05
0.02385
7.7e-05
7.7e-05
0.02385
9.2e-05
7.7e-05
0.023804
7.7e-05
7.7e-05
0.02385
7.7e-05
7.7e-05
0.023835
9.2e-05
6.2e-05
0.023926
0.000107
7.7e-05
0.023743
9.2e-05
7.7e-05
0.02385
9.2e-05
7.7e-05
0.023774
0.000107
7.7e-05
0.023819
9.2e-05
7.7e-05
0.023942
9.2e-05
7.7e-05
0.023758
9.2e-05
7.7e-05
0.023835
9.2e-05
7.7e-05
0.023804
9.2e-05
7.7e-05
0.023774
9.2e-05
7.7e-05
0.023835
7.7e-05
7.7e-05
0.02385
9.2e-05
7.7e-05
0.023819
9.2e-05
7.7e-05
0.023835
0.000107
7.7e-05
0.023819
9.2e-05
7.7e-05
0.023804
0.000199
7.7e-05
0.023713
9.2e-05
7.7e-05
0.023835
0.000107
7.7e-05
0.023804
9.2e-05
7.7e-05
0.023804
9.2e-05
7.7e-05
0.023819
0.000123
0.000138
0.023789
0.000107
7.7e-05
0.023758
9.2e-05
6.2e-05
0.023865
9.2e-05
7.7e-05
0.02385
0.000153
0.000107
0.023728
9.2e-05
7.7e-05
0.023789
9.2e-05
7.7e-05
0.023804
9.2e-05
7.7e-05
0.023835
9.2e-05
6.2e-05
0.023819
9.2e-05
6.2e-05
0.02385
9.2e-05
7.7e-05
0.063843
0.000184
0.000107
7.7e-05
7.7e-05
6.2e-05
7.7e-05
7.7e-05
0.000153
0.000107
9.2e-05
0.000123
0.000107
0.000107
0.000107
0.000123
0.000107
0.000107
0.000107
0.000107
0.086777
0.000168
0.000138
0.000107
0.000107
0.000107
0.000107
0.000107
0.000123
9.2e-05
0.000123
0.06279
0.000123
9.2e-05
0.000107
9.2e-05
0.000107
0.000107
0.000107
0.023316
0.000153
9.2e-05
0.023697
7.7e-05
9.2e-05
0.023804
7.7e-05
7.7e-05
0.023865
9.2e-05
7.7e-05
0.023819
9.2e-05
7.7e-05
0.023789
9.2e-05
7.7e-05
0.023865
0.000107
6.2e-05
0.023804
9.2e-05
7.7e-05
0.023865
0.000168
0.000107
0.023697
0.000138
0.000107
0.026108
0.000107
7.7e-05
0.021454
9.2e-05
7.7e-05
0.023835
9.2e-05
7.7e-05
0.023789
9.2e-05
7.7e-05
0.023881
0.000138
0.000123
0.023682
9.2e-05
7.7e-05
0.023819
9.2e-05
0.000107
0.023789
9.2e-05
6.2e-05
0.023881
0.000107
6.2e-05
0.023804
9.2e-05
7.7e-05
0.023804
9.2e-05
7.7e-05
0.023835
9.2e-05
7.7e-05
0.023819
9.2e-05
9.2e-05
0.023804
9.2e-05
7.7e-05
0.02385
7.7e-05
7.7e-05
0.023804
9.2e-05
9.2e-05
0.023819
9.2e-05
7.7e-05
0.02385
9.2e-05
7.7e-05
0.023819
7.7e-05
7.7e-05
0.023835
0.000107
9.2e-05
0.023865
0.000107
7.7e-05
0.023743
0.000107
0.000123
0.023774
9.2e-05
7.7e-05
0.023804
9.2e-05
7.7e-05
0.023819
9.2e-05
7.7e-05
0.023896
0.000153
0.000107
0.023682
9.2e-05
7.7e-05
0.023804
9.2e-05
7.7e-05
0.02385
9.2e-05
7.7e-05
0.023804
9.2e-05
7.7e-05
0.02385
9.2e-05
0.000138
0.023758
0.000107
7.7e-05
0.023804
0.000107
6.2e-05
0.023865
0.000107
7.7e-05
0.023774
9.2e-05
7.7e-05
0.023819
7.7e-05
7.7e-05
0.023865
7.7e-05
7.7e-05
0.023804
9.2e-05
7.7e-05
0.023835
0.000107
6.2e-05
0.023835
7.7e-05
7.7e-05
0.02385
0.000107
6.2e-05
0.02385
9.2e-05
7.7e-05
0.023819
9.2e-05
0.000107
0.023789
7.7e-05
7.7e-05
0.02385
9.2e-05
6.2e-05
0.023835
9.2e-05
6.2e-05
0.023881
0.000107
7.7e-05
0.023774
7.7e-05
9.2e-05
0.023804
9.2e-05
7.7e-05
0.023835
9.2e-05
7.7e-05
0.023819
9.2e-05
7.7e-05
0.023835
9.2e-05
7.7e-05
0.023865
0.000107
0.000138
0.023697
9.2e-05
7.7e-05
0.023835
9.2e-05
7.7e-05
0.023804
9.2e-05
6.2e-05
0.023881
0.000153
0.000153
0.023713
0.000107
7.7e-05
0.023728
9.2e-05
7.7e-05
0.023835
9.2e-05
9.2e-05
0.023804
9.2e-05
6.2e-05
0.023865
0.000107
6.2e-05
0.023835
9.2e-05
7.7e-05
0.023789
0.000107
6.2e-05
0.023804
9.2e-05
7.7e-05
0.023804
9.2e-05
7.7e-05
0.023804
7.7e-05
7.7e-05
0.023881
7.7e-05
7.7e-05
0.02385
0.000107
6.2e-05
0.023789
0.000123
0.000107
0.023804
0.000138
0.000107
0.023713
0.000107
6.2e-05
0.023835
9.2e-05
7.7e-05
0.023804
9.2e-05
7.7e-05
0.023819
9.2e-05
7.7e-05
0.023804
9.2e-05
7.7e-05
0.023865
9.2e-05
7.7e-05
0.023819
0.000107
7.7e-05
0.023789
9.2e-05
7.7e-05
0.023835
9.2e-05
7.7e-05
0.023804
7.7e-05
7.7e-05
0.023896
0.000107
7.7e-05
0.023758
0.000107
6.2e-05
0.023819
0.000107
7.7e-05
0.023835
0.000107
7.7e-05
0.023804
9.2e-05
7.7e-05
0.023804
9.2e-05
7.7e-05
0.023835
9.2e-05
6.2e-05
0.02385
9.2e-05
6.2e-05
0.023804
9.2e-05
7.7e-05
0.02385
9.2e-05
7.7e-05
0.023835
0.000107
6.2e-05
0.000138
0.000107
9.2e-05
9.2e-05
7.7e-05
7.7e-05
6.2e-05
7.7e-05
7.7e-05
6.2e-05
7.7e-05
7.7e-05
0.000153
0.000153
0.000107
0.000107
9.2e-05
0.000123
0.000107
9.2e-05
0.000107
0.000107
0.000107
0.000107
0.047532
0.000138
0.000107
0.000123
0.000107
0.000107
0.063386
0.000184
0.000107
0.000107
0.000107
0.000107
0.000107
0.000107
0.063141
0.000168
0.000107
0.000107
9.2e-05
0.000107
9.2e-05
0.000107
0.023194
0.000153
0.000107
0.023713
0.000107
7.7e-05
0.023835
0.000107
7.7e-05
0.023804
0.000123
7.7e-05
0.023835
0.000107
6.2e-05
0.023774
0.000123
0.000123
0.023743
9.2e-05
9.2e-05
0.023835
0.000107
9.2e-05
0.023835
0.000138
0.000107
0.023697
0.000107
7.7e-05
0.023804
9.2e-05
7.7e-05
0.023804
7.7e-05
7.7e-05
0.023865
9.2e-05
7.7e-05
0.023819
9.2e-05
0.000123
0.023774
0.000123
0.000107
0.023774
0.000138
0.000107
0.023728
0.000107
0.000107
0.023835
0.000138
0.000107
0.023743
0.000138
0.000107
0.023697
9.2e-05
7.7e-05
0.023835
0.000123
0.000107
0.023789
0.000123
0.000107
0.023713
0.000107
0.000123
0.023774
0.000107
0.000138
0.023728
0.000107
0.000123
0.023789
0.000107
0.000107
0.023789
7.7e-05
0.000107
0.023774
9.2e-05
7.7e-05
0.023835
0.000107
7.7e-05
0.023835
9.2e-05
7.7e-05
0.023804
7.7e-05
7.7e-05
0.02385
7.7e-05
7.7e-05
0.023835
9.2e-05
6.2e-05
0.023804
7.7e-05
7.7e-05
0.023865
0.000107
7.7e-05
0.023789
0.000138
7.7e-05
0.023804
9.2e-05
7.7e-05
0.023819
0.000107
7.7e-05
0.023819
0.000107
7.7e-05
0.023819
0.000123
0.000123
0.023743
9.2e-05
7.7e-05
0.023804
7.7e-05
7.7e-05
0.023835
9.2e-05
6.2e-05
0.023835
9.2e-05
7.7e-05
0.023835
7.7e-05
7.7e-05
0.023881
9.2e-05
6.2e-05
0.023835
0.000107
7.7e-05
0.023789
0.000107
7.7e-05
0.023835
9.2e-05
7.7e-05
0.023789
9.2e-05
7.7e-05
0.023896
0.000184
9.2e-05
0.023697
0.000123
0.000107
0.023743
0.000123
0.000123
0.023728
0.000138
0.000107
0.023774
0.000123
0.000107
0.023743
0.000123
0.000107
0.023774
0.000168
9.2e-05
0.023743
9.2e-05
7.7e-05
0.023819
9.2e-05
7.7e-05
0.023835
0.000123
0.000107
0.023774
0.000123
0.000107
0.023743
9.2e-05
7.7e-05
0.023804
9.2e-05
6.2e-05
0.023835
9.2e-05
0.048035
0.000107
0.023743
0.000123
7.7e-05
0.027604
0.000107
7.7e-05
0.02002
0.000138
0.000123
0.023682
0.000107
7.7e-05
0.023819
9.2e-05
7.7e-05
0.02385
9.2e-05
7.7e-05
0.023819
9.2e-05
6.2e-05
0.023865
0.000153
0.000123
0.023697
0.000107
6.2e-05
0.023819
9.2e-05
7.7e-05
0.023804
7.7e-05
7.7e-05
0.023865
0.000107
7.7e-05
0.023804
9.2e-05
7.7e-05
0.023819
9.2e-05
7.7e-05
0.023835
0.000138
7.7e-05
0.023758
0.000107
9.2e-05
0.023804
0.000138
0.000123
0.023713
9.2e-05
0.000153
0.023728
9.2e-05
7.7e-05
0.023819
9.2e-05
7.7e-05
0.02385
9.2e-05
7.7e-05
0.023789
0.000107
9.2e-05
0.023896
0.000107
7.7e-05
0.023713
0.000123
7.7e-05
0.023804
9.2e-05
7.7e-05
0.023819
9.2e-05
7.7e-05
0.023819
7.7e-05
7.7e-05
0.000138
9.2e-05
7.7e-05
7.7e-05
7.7e-05
7.7e-05
7.7e-05
7.7e-05
7.7e-05
9.2e-05
0.000107
0.000107
0.000138
0.000107
7.7e-05
7.7e-05
7.7e-05
9.2e-05
7.7e-05
7.7e-05
7.7e-05
7.7e-05
9.2e-05
7.7e-05
0.047989
0.000107
7.7e-05
7.7e-05
6.2e-05
0.000138
0.054459
0.000107
6.2e-05
7.7e-05
7.7e-05
7.7e-05
7.7e-05
0.048523
7.7e-05
7.7e-05
7.7e-05
7.7e-05
9.2e-05
0.063553
0.000107
6.2e-05
7.7e-05
7.7e-05
7.7e-05
7.7e-05
7.7e-05
0.02353
0.000153
0.000107
0.023697
0.000107
7.7e-05
0.023758
9.2e-05
7.7e-05
0.023835
9.2e-05
7.7e-05
0.023835
0.000107
7.7e-05
0.023789
0.000107
0.000107
0.023789
9.2e-05
9.2e-05
0.023804
0.000107
7.7e-05
0.023819
9.2e-05
7.7e-05
0.023819
0.000123
0.000107
0.023789
0.000107
7.7e-05
0.023789
7.7e-05
7.7e-05
0.023835
0.000123
0.000107
0.023758
0.000107
0.000123
0.023743
0.000168
0.000107
0.023713
0.000123
0.000107
0.023728
0.000123
0.000107
0.023819
0.000153
7.7e-05
0.023713
0.000107
0.000184
0.023911
0.000153
0.000107
0.023591
0.000123
0.000107
0.023713
0.000138
0.000107
0.023758
0.000107
0.000107
0.023697
9.2e-05
7.7e-05
0.023865
0.000107
7.7e-05
0.023835
0.000107
7.7e-05
0.023789
0.000123
0.000107
0.023774
9.2e-05
7.7e-05
0.023835
0.000138
9.2e-05
0.023789
0.000138
0.000107
0.023774
0.000138
7.7e-05
0.023774
0.000123
9.2e-05
0.023758
9.2e-05
9.2e-05
0.023774
0.000138
7.7e-05
0.023774
9.2e-05
7.7e-05
0.023835
9.2e-05
7.7e-05
0.023835
7.7e-05
7.7e-05
0.023819
0.000107
0.000123
0.023743
0.000123
0.000107
0.023789
9.2e-05
7.7e-05
0.023789
0.000107
7.7e-05
0.023819
7.7e-05
7.7e-05
0.023835
0.000107
7.7e-05
0.023942
0.023942
0.000153
0.000107
0.023652
0.000123
9.2e-05
0.023774
9.2e-05
6.2e-05
0.023835
9.2e-05
7.7e-05
0.023835
9.2e-05
7.7e-05
0.023804
7.7e-05
7.7e-05
0.023881
9.2e-05
7.7e-05
0.023804
0.000123
9.2e-05
0.023774
0.000123
7.7e-05
0.023789
0.000107
0.000123
0.023789
0.000123
0.000107
0.023789
0.000168
0.000107
0.023697
0.000138
0.000107
0.023804
0.000153
0.000107
0.023713
0.000123
0.000107
0.023713
0.000123
0.000168
0.023713
0.000107
7.7e-05
0.023804
0.000107
7.7e-05
0.023774
0.000107
0.000123
0.023865
0.000153
0.000107
0.023621
0.000107
0.000123
0.023819
0.000123
0.000123
0.023758
0.000138
0.000107
0.023728
0.000153
0.000107
0.023697
9.2e-05
7.7e-05
0.023865
0.000168
9.2e-05
0.023728
0.000153
0.000123
0.023697
0.000123
0.000107
0.023804
0.000138
0.000123
0.023713
0.000168
0.000107
0.023743
0.000153
0.000107
0.023713
0.000153
0.000107
0.023652
0.000153
0.000107
0.023774
0.000123
0.000107
0.063813
0.000153
0.000107
0.000107
0.000123
0.000107
0.000168
0.000107
0.063035
0.000168
0.000107
9.2e-05
0.000107
9.2e-05
0.000107
0.000107
0.048157
9.2e-05
7.7e-05
7.7e-05
6.2e-05
7.7e-05
0.063538
0.000138
0.000107
0.000107
0.000123
0.000107
0.000107
0.000107
0.023224
0.000123
0.000107
0.023758
0.000123
0.000123
0.023743
0.000123
0.000123
0.023835
0.000153
0.000107
0.023743
0.000153
0.000107
0.023682
0.000153
0.000123
0.023713
0.000153
0.000123
0.023713
0.000153
0.000107
0.023697
0.000153
0.000107
0.023697
0.000123
0.000107
0.023789
0.000107
0.000123
0.023743
0.000123
0.000107
0.023835
0.000123
0.000107
0.023697
0.000168
0.000123
0.023713
0.000153
9.2e-05
0.023758
0.000153
0.000123
0.023697
0.000138
0.000107
0.023728
9.2e-05
7.7e-05
0.02385
0.000153
7.7e-05
0.023728
0.000107
7.7e-05
0.023835
9.2e-05
9.2e-05
0.023774
7.7e-05
7.7e-05
0.023819
9.2e-05
7.7e-05
0.023835
9.2e-05
7.7e-05
0.023789
9.2e-05
7.7e-05
0.023865
9.2e-05
7.7e-05
0.023789
9.2e-05
7.7e-05
0.023926
0.000153
0.000123
0.023652
9.2e-05
7.7e-05
0.023819
9.2e-05
7.7e-05
0.023789
9.2e-05
7.7e-05
0.023819
0.000107
7.7e-05
0.023819
0.000107
0.000123
0.023758
0.000123
0.000107
0.023774
0.000153
0.000107
0.023743
0.000107
7.7e-05
0.023774
9.2e-05
7.7e-05
0.023819
7.7e-05
7.7e-05
0.02385
7.7e-05
7.7e-05
0.023819
9.2e-05
7.7e-05
0.023835
9.2e-05
7.7e-05
0.023819
7.7e-05
7.7e-05
0.023835
7.7e-05
7.7e-05
0.02385
9.2e-05
7.7e-05
0.023819
7.7e-05
7.7e-05
0.02385
9.2e-05
7.7e-05
0.023819
9.2e-05
0.000123
0.023774
0.000107
9.2e-05
0.023835
0.000107
7.7e-05
0.023758
0.000107
0.000107
0.023789
0.000123
0.000107
0.023728
9.2e-05
7.7e-05
0.02385
7.7e-05
7.7e-05
0.02385
7.7e-05
7.7e-05
0.02385
0.000138
7.7e-05
0.023743
9.2e-05
7.7e-05
0.023865
0.000153
7.7e-05
0.023743
0.000153
0.000123
0.023728
9.2e-05
6.2e-05
0.023819
9.2e-05
6.2e-05
0.023819
9.2e-05
6.2e-05
0.023896
9.2e-05
6.2e-05
0.023804
0.000138
0.000123
0.023713
9.2e-05
7.7e-05
0.023881
0.000107
6.2e-05
0.023758
9.2e-05
7.7e-05
0.02385
0.000107
7.7e-05
0.023789
0.000123
0.000138
0.023774
0.000153
0.000138
0.023667
0.000107
7.7e-05
0.023804
9.2e-05
7.7e-05
0.023835
9.2e-05
6.2e-05
0.023819
9.2e-05
7.7e-05
0.023804
9.2e-05
7.7e-05
0.023835
0.000199
7.7e-05
0.023728
7.7e-05
7.7e-05
0.023835
7.7e-05
7.7e-05
0.06392
0.000153
0.000123
0.000107
0.000123
0.000107
0.000123
0.000107
0.06308
0.000107
6.2e-05
7.7e-05
7.7e-05
7.7e-05
7.7e-05
7.7e-05
0.06337
0.000107
6.2e-05
7.7e-05
7.7e-05
6.2e-05
7.7e-05
7.7e-05
0.000123
0.000199
7.7e-05
7.7e-05
7.7e-05
7.7e-05
7.7e-05
6.2e-05
7.7e-05
7.7e-05
7.7e-05
6.2e-05
0.047959
0.000107
7.7e-05
7.7e-05
6.2e-05
7.7e-05
0.063523
0.000138
0.000107
0.000107
0.000107
0.000107
0.000123
0.000107
0.023194
9.2e-05
0.000138
0.023728
9.2e-05
6.2e-05
0.023881
9.2e-05
7.7e-05
0.023819
0.000123
0.000123
0.023728
0.000123
0.000107
0.023789
9.2e-05
7.7e-05
0.023819
9.2e-05
7.7e-05
0.023804
9.2e-05
7.7e-05
0.023804
9.2e-05
7.7e-05
0.023835
9.2e-05
7.7e-05
0.023835
0.000107
0.000123
0.023743
0.000123
0.000107
0.023774
0.000168
0.000107
0.023697
9.2e-05
7.7e-05
0.023881
0.000138
0.000138
0.023667
0.000123
7.7e-05
0.023835
0.000138
0.000107
0.023713
0.000107
0.000107
0.023804
0.000107
7.7e-05
0.023743
9.2e-05
7.7e-05
0.023865
9.2e-05
6.2e-05
0.023804
9.2e-05
7.7e-05
0.023835
7.7e-05
7.7e-05
0.02385
9.2e-05
7.7e-05
0.023804
0.000107
7.7e-05
0.023881
0.000107
7.7e-05
0.023758
0.000107
0.000123
0.023728
7.7e-05
7.7e-05
0.023835
9.2e-05
7.7e-05
0.023819
7.7e-05
7.7e-05
0.02385
9.2e-05
7.7e-05
0.023819
9.2e-05
7.7e-05
0.023804
9.2e-05
9.2e-05
0.023835
0.000123
0.000107
0.023774
0.000107
0.000123
0.023743
9.2e-05
7.7e-05
0.023819
0.000153
7.7e-05
0.02385
0.000138
0.000123
0.023667
9.2e-05
7.7e-05
0.023881
0.000153
0.000107
0.023804
0.00026
0.000123
0.023514
0.000153
0.000123
0.023743
0.000153
0.000107
0.023713
0.000153
0.000107
0.023743
0.000138
0.000123
0.023682
0.000107
7.7e-05
0.023804
0.000107
6.2e-05
0.023865
0.000107
7.7e-05
0.023758
9.2e-05
7.7e-05
0.023835
0.000107
6.2e-05
0.023819
7.7e-05
7.7e-05
0.02385
9.2e-05
7.7e-05
0.023819
0.000153
0.000107
0.023713
0.000153
0.000107
0.023743
0.000123
0.000107
0.023774
0.000138
0.000107
0.023835
0.000107
7.7e-05
