0.000168
0.000123
0.000123
0.000123
0.000107
0.054307
0.000168
0.000153
0.000123
0.000107
0.000153
0.000138
0.048203
0.000107
7.7e-05
7.7e-05
7.7e-05
7.7e-05
0.063462
9.2e-05
7.7e-05
7.7e-05
7.7e-05
7.7e-05
7.7e-05
7.7e-05
0.063431
9.2e-05
7.7e-05
9.2e-05
7.7e-05
7.7e-05
7.7e-05
7.7e-05
0.023423
9.2e-05
7.7e-05
0.023865
0.000153
0.000138
0.023652
9.2e-05
7.7e-05
0.023804
9.2e-05
7.7e-05
0.023835
9.2e-05
7.7e-05
0.023835
9.2e-05
7.7e-05
0.023804
9.2e-05
9.2e-05
0.02385
0.000107
7.7e-05
0.023774
9.2e-05
7.7e-05
0.023835
0.000184
9.2e-05
0.023728
0.000107
7.7e-05
0.023789
9.2e-05
9.2e-05
0.023804
9.2e-05
0.000107
0.023804
0.000107
7.7e-05
0.023835
9.2e-05
7.7e-05
0.023804
9.2e-05
7.7e-05
0.023881
7.7e-05
7.7e-05
0.023758
9.2e-05
7.7e-05
0.023835
0.000107
9.2e-05
0.023758
9.2e-05
7.7e-05
0.023865
0.000123
7.7e-05
0.023774
9.2e-05
9.2e-05
0.023804
7.7e-05
7.7e-05
0.02385
0.000107
7.7e-05
0.023835
9.2e-05
7.7e-05
0.023804
7.7e-05
7.7e-05
0.023819
9.2e-05
7.7e-05
0.023835
0.000107
0.000107
0.023774
0.000107
0.000138
0.023789
9.2e-05
9.2e-05
0.023758
9.2e-05
7.7e-05
0.023865
9.2e-05
7.7e-05
0.023819
9.2e-05
7.7e-05
0.023819
0.000123
9.2e-05
0.023758
0.000107
7.7e-05
0.023835
0.000107
7.7e-05
0.023758
9.2e-05
7.7e-05
0.02385
0.000138
9.2e-05
0.023758
0.000107
7.7e-05
0.023835
0.000153
0.000153
0.023667
0.000107
7.7e-05
0.023774
7.7e-05
7.7e-05
0.023835
9.2e-05
7.7e-05
0.000153
9.2e-05
0.023789
0.000107
7.7e-05
0.023758
7.7e-05
7.7e-05
0.02385
0.000107
7.7e-05
0.023819
7.7e-05
0.000123
0.023789
9.2e-05
7.7e-05
0.023865
9.2e-05
7.7e-05
0.023835
0.000107
0.000107
0.023713
9.2e-05
9.2e-05
0.023789
7.7e-05
7.7e-05
0.02385
7.7e-05
7.7e-05
0.023819
9.2e-05
7.7e-05
0.023835
9.2e-05
7.7e-05
0.023835
9.2e-05
9.2e-05
0.023865
0.000107
9.2e-05
0.023774
9.2e-05
7.7e-05
0.023774
7.7e-05
0.000107
0.023804
9.2e-05
7.7e-05
0.023835
0.000107
7.7e-05
0.023789
9.2e-05
7.7e-05
0.023835
9.2e-05
7.7e-05
0.02385
0.000138
0.000138
0.023697
0.000138
7.7e-05
0.023789
9.2e-05
7.7e-05
0.023804
7.7e-05
7.7e-05
0.02385
7.7e-05
9.2e-05
0.023835
7.7e-05
9.2e-05
0.023881
0.000138
0.000138
0.023682
0.000153
0.000123
0.023743
0.000153
0.000138
0.023728
0.000153
0.000123
0.023682
0.000138
0.000123
0.02385
0.000153
0.000123
0.023575
0.000138
0.000123
0.023743
0.000138
0.000123
0.023697
0.000123
9.2e-05
0.023789
0.000123
9.2e-05
0.023758
0.000123
0.000107
0.023758
0.000107
9.2e-05
0.023804
0.000107
0.000107
0.023758
0.000123
9.2e-05
0.023804
0.000107
0.000107
0.023758
0.000107
0.000107
0.023758
0.000138
0.000107
0.023758
0.000123
0.000107
0.063736
0.000123
0.000107
9.2e-05
0.000107
9.2e-05
0.000107
9.2e-05
0.048249
0.000123
0.000107
9.2e-05
0.000107
9.2e-05
0.054444
0.000138
0.000107
0.000107
0.000107
9.2e-05
9.2e-05
0.048386
0.000107
0.000107
9.2e-05
0.000107
9.2e-05
0.063462
0.000153
0.000107
0.000107
9.2e-05
0.000107
9.2e-05
9.2e-05
0.023224
0.000123
0.000107
0.023743
0.000123
0.000107
0.023789
0.000123
9.2e-05
0.023774
0.000138
9.2e-05
0.023758
0.000107
0.000107
0.023758
0.000107
0.000107
0.023804
0.000107
0.000123
0.023743
0.000138
9.2e-05
0.023804
0.000107
0.000107
0.023758
0.000123
0.000107
0.023743
0.000107
0.000107
0.023804
0.000138
0.000107
0.023713
0.000123
9.2e-05
0.023819
0.000168
0.000107
0.023713
0.000138
0.000123
0.023697
0.000138
0.000107
0.023774
0.000123
0.000107
0.023713
0.000107
0.000107
0.023804
0.000138
0.000123
0.023697
0.000107
9.2e-05
0.023789
0.000123
9.2e-05
0.023774
0.000107
9.2e-05
0.023789
0.000107
0.000107
0.023804
9.2e-05
0.000107
0.023789
0.000123
0.000107
0.023758
0.000107
9.2e-05
0.023774
0.000107
0.000184
0.023743
0.000107
0.000107
0.023819
0.000168
9.2e-05
0.023728
0.000168
0.000138
0.023667
0.000123
0.000107
0.023743
0.000123
0.000107
0.023743
0.000138
0.000107
0.023789
0.000123
0.000107
0.023743
0.000153
0.000107
0.023804
0.000214
0.000138
0.023606
0.000153
0.000138
0.023682
0.000153
0.000123
0.023758
0.000153
0.000138
0.023667
0.000168
0.000138
0.023713
0.000184
0.000107
0.023682
0.000138
0.000123
0.023713
0.000123
0.000107
0.023804
0.000153
0.000138
0.023621
7.7e-05
9.2e-05
0.023835
9.2e-05
7.7e-05
0.023911
0.000168
0.000138
0.023575
0.000168
0.000138
0.023743
0.000199
0.000123
0.023682
0.000168
0.000138
0.023682
0.000168
0.000107
0.023728
0.000138
0.000138
0.023667
0.000153
0.000123
0.023713
0.000138
0.000107
0.023774
0.000123
0.000107
0.023728
0.000168
0.000107
0.023789
0.000168
9.2e-05
0.023682
0.000138
0.000107
0.023667
0.000107
7.7e-05
0.023865
0.000184
0.000123
0.023697
0.000153
0.000107
0.023713
0.000153
0.000123
0.023713
0.000153
0.000107
0.023728
0.000184
0.000107
0.023636
0.000123
0.000107
0.023774
0.000123
0.000123
0.023743
0.000107
0.000123
0.023774
0.000138
0.000123
0.023697
0.000123
0.000123
0.023728
9.2e-05
7.7e-05
0.023819
0.000107
7.7e-05
0.023819
9.2e-05
7.7e-05
0.023819
0.000107
9.2e-05
0.02385
0.000107
6.2e-05
0.023774
9.2e-05
7.7e-05
0.023804
9.2e-05
7.7e-05
0.025574
0.000138
0.000107
0.022004
0.000107
7.7e-05
0.023819
9.2e-05
7.7e-05
0.063797
0.000107
7.7e-05
7.7e-05
7.7e-05
6.2e-05
0.000107
9.2e-05
0.000123
0.000123
0.000107
9.2e-05
9.2e-05
7.7e-05
0.000107
0.000153
9.2e-05
0.000107
9.2e-05
0.000107
0.04773
0.000107
7.7e-05
7.7e-05
7.7e-05
6.2e-05
0.063523
0.000107
7.7e-05
7.7e-05
7.7e-05
6.2e-05
0.000138
0.000123
0.023392
0.000168
0.000123
0.023697
0.000138
0.000123
0.023697
9.2e-05
7.7e-05
0.023819
9.2e-05
7.7e-05
0.023804
0.000107
7.7e-05
0.023865
0.000153
0.000123
0.023728
0.000153
0.000123
0.023697
0.000107
7.7e-05
0.023789
0.000107
6.2e-05
0.023804
0.000107
7.7e-05
0.023789
9.2e-05
7.7e-05
0.023896
0.000138
0.000107
0.023713
0.000107
7.7e-05
0.023774
9.2e-05
7.7e-05
0.023881
0.000123
0.000153
0.023652
9.2e-05
7.7e-05
0.023835
9.2e-05
6.2e-05
0.023865
7.7e-05
7.7e-05
0.023835
9.2e-05
7.7e-05
0.023835
9.2e-05
7.7e-05
0.023819
9.2e-05
7.7e-05
0.023835
9.2e-05
7.7e-05
0.023835
9.2e-05
7.7e-05
0.023804
9.2e-05
7.7e-05
0.023819
9.2e-05
7.7e-05
0.02385
0.000107
7.7e-05
0.023774
0.000123
0.000107
0.023758
0.000168
0.000107
0.023728
9.2e-05
7.7e-05
0.023789
9.2e-05
7.7e-05
0.023835
0.000107
7.7e-05
0.023835
0.000138
7.7e-05
0.023758
0.000123
0.000123
0.023774
0.000153
0.000107
0.023713
0.000123
0.000123
0.023728
0.000153
9.2e-05
0.023743
9.2e-05
7.7e-05
0.023819
7.7e-05
7.7e-05
0.02385
9.2e-05
6.2e-05
0.023835
7.7e-05
7.7e-05
0.023881
0.000184
0.000107
0.023713
0.000107
7.7e-05
0.023789
0.000107
7.7e-05
0.023804
9.2e-05
9.2e-05
0.023835
9.2e-05
7.7e-05
0.023804
0.000123
0.000123
0.023697
0.000153
0.000107
0.023743
0.000123
0.000107
0.023713
9.2e-05
7.7e-05
0.02385
9.2e-05
6.2e-05
0.02385
9.2e-05
7.7e-05
0.023804
0.000123
0.000107
0.023819
0.000138
0.000107
0.023713
0.000107
6.2e-05
0.023819
7.7e-05
7.7e-05
0.023819
9.2e-05
7.7e-05
0.02385
7.7e-05
7.7e-05
0.023881
9.2e-05
7.7e-05
0.023758
0.000107
0.000123
0.023774
0.000123
0.000123
0.023819
0.000153
0.000107
0.023652
0.000123
0.000123
0.023728
0.000107
0.000138
0.023758
0.000123
0.000107
0.023743
0.000123
0.000123
0.023789
0.000107
0.000123
0.023713
0.000123
0.000123
0.023804
0.000138
0.000107
0.023728
0.000107
6.2e-05
0.023804
9.2e-05
7.7e-05
0.023789
9.2e-05
7.7e-05
0.02385
7.7e-05
7.7e-05
0.02385
0.000107
7.7e-05
0.023804
0.000107
7.7e-05
0.023819
9.2e-05
7.7e-05
0.023804
9.2e-05
7.7e-05
0.023819
0.000123
7.7e-05
0.023774
9.2e-05
7.7e-05
0.023835
9.2e-05
7.7e-05
0.023804
9.2e-05
7.7e-05
0.063813
0.000123
0.000107
0.000123
0.000107
0.000107
0.000153
0.000107
0.048157
0.000367
0.063569
0.000168
9.2e-05
0.000107
0.000107
0.000107
9.2e-05
0.000107
0.063218
0.000138
7.7e-05
7.7e-05
6.2e-05
7.7e-05
7.7e-05
7.7e-05
0.023377
9.2e-05
7.7e-05
0.023835
0.000107
6.2e-05
0.023819
9.2e-05
7.7e-05
0.023835
9.2e-05
6.2e-05
0.023865
0.000107
7.7e-05
0.023758
9.2e-05
7.7e-05
0.023819
7.7e-05
7.7e-05
0.023865
9.2e-05
7.7e-05
0.023789
9.2e-05
6.2e-05
0.02385
9.2e-05
6.2e-05
0.023881
9.2e-05
6.2e-05
0.023804
0.000107
7.7e-05
0.023819
7.7e-05
7.7e-05
0.02385
9.2e-05
7.7e-05
0.023774
0.000107
6.2e-05
0.023819
0.000107
9.2e-05
0.023819
0.000153
0.000107
0.023713
0.000107
0.000123
0.023758
9.2e-05
7.7e-05
0.023819
0.000107
6.2e-05
0.023819
9.2e-05
7.7e-05
0.023804
9.2e-05
7.7e-05
0.023835
7.7e-05
7.7e-05
0.023819
9.2e-05
7.7e-05
0.023835
0.000107
7.7e-05
0.023804
0.000107
6.2e-05
0.023835
0.000107
0.000138
0.023743
9.2e-05
7.7e-05
0.023819
9.2e-05
7.7e-05
0.023835
9.2e-05
7.7e-05
0.023804
9.2e-05
7.7e-05
0.023804
9.2e-05
7.7e-05
0.023819
9.2e-05
7.7e-05
0.023819
9.2e-05
7.7e-05
0.02385
9.2e-05
7.7e-05
0.023835
9.2e-05
6.2e-05
0.023835
9.2e-05
7.7e-05
0.023865
0.000107
7.7e-05
0.023789
9.2e-05
7.7e-05
0.023835
9.2e-05
7.7e-05
0.023881
0.000107
7.7e-05
0.023743
0.000153
0.000107
0.023682
0.000107
7.7e-05
0.023804
9.2e-05
7.7e-05
0.023819
9.2e-05
7.7e-05
0.023804
9.2e-05
7.7e-05
0.023865
0.000153
0.000107
0.023713
7.7e-05
7.7e-05
0.023835
7.7e-05
7.7e-05
0.02385
9.2e-05
7.7e-05
0.023819
0.000123
7.7e-05
0.023774
9.2e-05
7.7e-05
0.023835
9.2e-05
6.2e-05
0.023865
9.2e-05
7.7e-05
0.023804
9.2e-05
7.7e-05
0.023835
9.2e-05
7.7e-05
0.023865
7.7e-05
7.7e-05
0.023804
9.2e-05
0.000123
0.023758
9.2e-05
7.7e-05
0.023835
9.2e-05
6.2e-05
0.023835
9.2e-05
7.7e-05
0.023835
9.2e-05
7.7e-05
0.023865
0.000138
0.000107
0.023743
0.000153
0.000123
0.023713
0.000123
0.000107
0.023728
0.000138
0.000123
0.023774
0.000138
0.000123
0.023743
0.000153
0.000107
0.023697
0.000138
0.000123
0.023743
0.000153
0.000107
0.023743
0.000153
0.000107
0.023743
0.000168
0.000107
0.023713
0.000138
0.000107
0.023758
0.000138
0.000107
0.023758
0.000123
0.000107
0.023713
9.2e-05
0.000123
0.023789
0.000107
7.7e-05
0.023819
0.000107
7.7e-05
0.023789
0.000107
0.000123
0.023758
0.000123
0.000153
0.023713
0.000107
0.000123
0.023758
0.000123
0.000107
0.023804
0.000138
0.000107
0.023743
0.000123
9.2e-05
0.023789
9.2e-05
7.7e-05
0.023804
0.000107
7.7e-05
0.023789
9.2e-05
7.7e-05
0.023819
7.7e-05
7.7e-05
0.063843
9.2e-05
7.7e-05
9.2e-05
7.7e-05
6.2e-05
7.7e-05
9.2e-05
0.063416
0.000123
0.000123
0.000107
0.000123
0.000107
0.000107
0.000123
0.048188
9.2e-05
7.7e-05
9.2e-05
7.7e-05
7.7e-05
0.059647
0.000153
0.000107
0.000107
0.000107
9.2e-05
0.000107
0.043213
9.2e-05
7.7e-05
7.7e-05
6.2e-05
7.7e-05
0.023591
0.000123
0.000123
0.023789
0.000107
0.000107
0.023743
0.000107
7.7e-05
0.023896
0.000168
0.000107
0.023652
7.7e-05
7.7e-05
0.023835
0.000107
7.7e-05
0.023789
9.2e-05
9.2e-05
0.023835
9.2e-05
7.7e-05
0.023804
9.2e-05
7.7e-05
0.02385
0.000153
7.7e-05
0.023758
0.000138
0.000107
0.023758
0.000107
0.000123
0.023743
9.2e-05
7.7e-05
0.02385
9.2e-05
7.7e-05
0.023804
9.2e-05
6.2e-05
0.023835
0.000107
0.000123
0.023774
7.7e-05
7.7e-05
0.023896
0.000107
7.7e-05
0.023758
9.2e-05
7.7e-05
0.023819
9.2e-05
7.7e-05
0.02385
0.000123
0.000107
0.023743
0.000107
0.000123
0.023758
9.2e-05
7.7e-05
0.02385
0.000107
6.2e-05
0.023819
9.2e-05
7.7e-05
0.023804
0.000138
0.000107
0.023789
0.000168
0.000123
0.023697
0.000123
0.000123
0.023728
0.000123
0.000107
0.023758
0.000107
0.000123
0.023789
0.000107
7.7e-05
0.023774
9.2e-05
7.7e-05
0.02385
9.2e-05
6.2e-05
0.023881
9.2e-05
7.7e-05
0.023758
9.2e-05
0.000107
0.023804
7.7e-05
7.7e-05
0.023865
9.2e-05
7.7e-05
0.023819
7.7e-05
7.7e-05
0.023819
9.2e-05
7.7e-05
0.02385
9.2e-05
7.7e-05
0.023819
9.2e-05
7.7e-05
0.023804
9.2e-05
7.7e-05
0.023835
9.2e-05
6.2e-05
0.02385
9.2e-05
6.2e-05
0.023835
0.000107
7.7e-05
0.023804
9.2e-05
7.7e-05
0.02385
0.000107
7.7e-05
0.023789
9.2e-05
7.7e-05
0.023865
0.000107
7.7e-05
0.023774
9.2e-05
6.2e-05
0.023819
0.000107
6.2e-05
0.023865
0.000107
0.000123
0.023774
0.000107
6.2e-05
0.023774
9.2e-05
7.7e-05
0.023835
9.2e-05
9.2e-05
0.023819
9.2e-05
7.7e-05
0.023835
9.2e-05
6.2e-05
0.02385
7.7e-05
7.7e-05
0.02385
9.2e-05
7.7e-05
0.023758
9.2e-05
7.7e-05
0.02385
9.2e-05
7.7e-05
0.023819
0.000107
7.7e-05
0.023819
0.000107
7.7e-05
0.023789
9.2e-05
7.7e-05
0.023819
0.000123
0.000123
0.023819
0.000107
7.7e-05
0.023774
0.000153
0.000107
0.023728
0.000107
7.7e-05
0.02385
9.2e-05
7.7e-05
0.023774
0.000107
6.2e-05
0.023819
0.000107
7.7e-05
0.023865
0.000153
0.000123
0.023667
0.000107
7.7e-05
0.023789
0.000123
0.000123
0.023789
0.000123
0.000123
0.023728
0.000123
0.000123
0.023774
0.000107
0.000123
0.023743
0.000107
0.000107
0.023774
0.000138
0.000107
0.023758
0.000123
0.000107
0.023789
0.000107
0.000123
0.023728
0.000153
0.000107
0.023758
9.2e-05
7.7e-05
0.023819
9.2e-05
7.7e-05
0.023819
9.2e-05
7.7e-05
0.023819
9.2e-05
7.7e-05
0.023819
0.000107
6.2e-05
0.023835
7.7e-05
7.7e-05
0.02385
7.7e-05
7.7e-05
0.023819
9.2e-05
7.7e-05
0.023835
9.2e-05
6.2e-05
0.02385
0.000123
7.7e-05
0.023774
0.000107
7.7e-05
0.023835
0.000107
7.7e-05
0.023774
9.2e-05
7.7e-05
0.02385
9.2e-05
7.7e-05
0.02385
0.000153
0.000138
0.033371
0.000153
0.000107
0.014069
9.2e-05
7.7e-05
0.023789
0.000107
7.7e-05
0.023835
0.000153
0.000107
0.023728
0.000153
0.000107
0.023728
0.000138
0.000107
0.023728
0.000138
0.000168
0.023713
0.000153
0.000107
0.023774
0.000138
0.000107
0.023697
0.000153
0.000107
0.023713
0.000153
0.000153
0.06366
0.000107
7.7e-05
7.7e-05
6.2e-05
7.7e-05
9.2e-05
7.7e-05
0.000138
0.000168
9.2e-05
9.2e-05
9.2e-05
7.7e-05
7.7e-05
7.7e-05
7.7e-05
9.2e-05
7.7e-05
7.7e-05
0.047898
9.2e-05
7.7e-05
7.7e-05
7.7e-05
6.2e-05
0.063584
0.000107
6.2e-05
7.7e-05
7.7e-05
7.7e-05
6.2e-05
7.7e-05
0.023407
0.000107
6.2e-05
0.023835
0.000138
7.7e-05
0.023789
0.000123
0.000123
0.023743
0.000107
0.000123
0.023789
9.2e-05
6.2e-05
0.023804
9.2e-05
7.7e-05
0.023896
0.000168
9.2e-05
0.023667
0.000123
0.000123
0.023743
0.000153
0.000107
0.023758
0.000123
6.2e-05
0.023789
9.2e-05
0.000123
0.023774
7.7e-05
7.7e-05
0.023911
0.000153
7.7e-05
0.023713
9.2e-05
6.2e-05
0.023865
0.000107
0.000123
0.023774
0.000153
9.2e-05
0.023789
0.000168
0.000107
0.023652
7.7e-05
9.2e-05
0.023819
9.2e-05
7.7e-05
0.023804
9.2e-05
9.2e-05
0.023819
9.2e-05
7.7e-05
0.02385
7.7e-05
7.7e-05
0.023835
0.000107
7.7e-05
0.023789
9.2e-05
7.7e-05
0.023819
9.2e-05
7.7e-05
0.023835
9.2e-05
7.7e-05
0.023819
0.000107
7.7e-05
0.023804
0.000138
0.000123
0.023774
0.000138
0.000107
0.023728
0.000107
7.7e-05
0.023819
0.000168
0.000123
0.023682
0.000138
0.000107
0.023758
0.000184
0.000123
0.023682
0.000138
0.000107
0.023728
0.000107
7.7e-05
0.023804
0.000107
6.2e-05
0.023835
9.2e-05
7.7e-05
0.023819
0.000107
6.2e-05
0.023804
9.2e-05
7.7e-05
0.023865
0.000107
7.7e-05
0.023758
0.000123
0.000107
0.023758
0.000138
0.000123
0.023774
9.2e-05
6.2e-05
0.023835
7.7e-05
7.7e-05
0.023911
0.000123
0.000107
0.023667
9.2e-05
7.7e-05
0.023835
9.2e-05
7.7e-05
0.023835
7.7e-05
7.7e-05
0.02385
9.2e-05
7.7e-05
0.023865
0.000168
0.000107
0.023697
0.000107
7.7e-05
0.023743
0.000153
7.7e-05
0.023774
9.2e-05
7.7e-05
0.023804
9.2e-05
6.2e-05
0.023835
9.2e-05
6.2e-05
0.023881
9.2e-05
7.7e-05
0.023789
9.2e-05
7.7e-05
0.023819
0.000107
6.2e-05
0.023819
9.2e-05
7.7e-05
0.023819
7.7e-05
9.2e-05
0.02385
0.000107
7.7e-05
0.023758
9.2e-05
7.7e-05
0.023835
9.2e-05
9.2e-05
0.023804
0.000107
7.7e-05
0.023819
9.2e-05
7.7e-05
0.023835
9.2e-05
7.7e-05
0.023819
7.7e-05
9.2e-05
0.023819
9.2e-05
7.7e-05
0.023804
0.000107
6.2e-05
0.023819
9.2e-05
7.7e-05
0.02385
0.000138
7.7e-05
0.023804
9.2e-05
7.7e-05
0.023789
9.2e-05
7.7e-05
0.023835
0.000107
7.7e-05
0.02385
9.2e-05
7.7e-05
0.023758
0.000123
0.000107
0.023774
0.000123
0.000107
0.023804
9.2e-05
7.7e-05
0.023804
9.2e-05
7.7e-05
0.02385
0.000107
7.7e-05
0.023789
9.2e-05
7.7e-05
0.02385
0.000107
7.7e-05
0.023835
0.000153
0.000123
0.023667
9.2e-05
7.7e-05
0.023819
0.000107
6.2e-05
0.023804
9.2e-05
7.7e-05
0.023804
7.7e-05
7.7e-05
0.023911
0.000123
0.000107
0.023743
0.000138
0.000107
0.023728
0.000107
0.000184
0.023713
9.2e-05
7.7e-05
0.023804
9.2e-05
7.7e-05
0.02385
9.2e-05
7.7e-05
0.023804
0.000107
7.7e-05
0.023865
0.000107
7.7e-05
0.023774
9.2e-05
7.7e-05
0.023865
0.000123
9.2e-05
