0.000107
7.7e-05
7.7e-05
7.7e-05
7.7e-05
0.063508
0.000138
7.7e-05
7.7e-05
7.7e-05
7.7e-05
9.2e-05
0.000123
0.023331
0.000107
0.000123
0.023804
0.000123
0.000107
0.023713
0.000107
7.7e-05
0.023804
9.2e-05
7.7e-05
0.023926
0.000107
7.7e-05
0.023713
9.2e-05
7.7e-05
0.023789
9.2e-05
7.7e-05
0.023865
7.7e-05
7.7e-05
0.023835
0.000123
0.000107
0.023743
0.000123
9.2e-05
0.023804
0.000138
9.2e-05
0.023758
0.000138
0.000107
0.023713
0.000123
9.2e-05
0.023819
0.000138
0.000123
0.023728
0.000123
9.2e-05
0.023774
0.000107
0.000107
0.023743
9.2e-05
0.000107
0.023789
0.000123
9.2e-05
0.023804
0.000123
9.2e-05
0.023789
0.000138
0.000107
0.023728
0.000138
0.000123
0.023728
0.000107
9.2e-05
0.023774
0.000123
0.000107
0.023789
0.000107
0.000107
0.023774
0.000107
9.2e-05
0.023774
0.000107
0.000153
0.023774
0.000123
0.000107
0.023728
0.000107
0.000107
0.023743
0.000107
0.000107
0.023789
0.000123
0.000138
0.023728
0.000107
0.000107
0.023774
0.000107
9.2e-05
0.023789
0.000123
0.000123
0.023774
0.000123
9.2e-05
0.023758
0.000123
0.000107
0.023774
0.000123
9.2e-05
0.023743
0.000107
0.000107
0.023804
0.000123
0.000107
0.023789
0.000123
0.000107
0.023728
0.000138
0.000107
0.023758
0.000123
9.2e-05
0.023774
0.000107
0.000107
0.023713
0.000107
0.000107
0.023758
0.000107
0.000107
0.023789
0.000123
9.2e-05
0.023804
0.000138
0.000123
0.023697
0.000107
0.000107
0.023774
0.000107
9.2e-05
0.023789
0.000123
9.2e-05
0.023789
0.000107
9.2e-05
0.000138
0.000107
0.023713
0.000138
9.2e-05
0.023758
0.000123
9.2e-05
0.023774
0.000107
9.2e-05
0.023819
0.000153
9.2e-05
0.023713
0.000123
0.000123
0.023758
0.000138
9.2e-05
0.023728
0.000107
0.000107
0.023804
0.000107
9.2e-05
0.023789
0.000138
9.2e-05
0.023758
0.000123
9.2e-05
0.023774
0.000107
0.000107
0.023789
0.000168
9.2e-05
0.023697
0.000107
0.000107
0.023789
0.000123
0.000107
0.023743
0.000107
9.2e-05
0.023774
0.000153
9.2e-05
0.023758
0.000123
0.000107
0.023758
0.000107
0.000107
0.023774
0.000123
0.000107
0.023758
0.000107
0.000107
0.023774
0.000107
9.2e-05
0.023804
0.000123
0.000107
0.063767
0.000214
9.2e-05
0.000107
9.2e-05
9.2e-05
0.000107
9.2e-05
0.048157
0.000138
9.2e-05
0.000107
9.2e-05
0.000107
0.054459
0.000138
0.000107
9.2e-05
0.000107
0.000107
0.000107
0.04831
0.000138
0.000107
0.000107
9.2e-05
0.000107
0.063401
0.000107
9.2e-05
0.000107
9.2e-05
0.000107
9.2e-05
0.000107
0.02327
0.000138
0.000107
0.023728
0.000107
0.000107
0.023789
0.000107
0.000107
0.023758
0.000107
0.000107
0.023804
0.000107
0.000107
0.023758
0.000107
0.000107
0.023789
9.2e-05
0.000107
0.023789
0.000123
9.2e-05
0.023819
0.000138
0.000123
0.023713
0.000153
0.000107
0.023713
0.000107
0.000107
0.023819
0.000107
9.2e-05
0.023743
0.000123
9.2e-05
0.023819
0.000138
0.000123
0.023728
0.000123
9.2e-05
0.023713
0.000123
9.2e-05
0.023835
0.000138
0.000153
0.023667
0.000123
0.000107
0.023804
0.000153
0.000138
0.023682
0.000153
0.000138
0.024186
0.000138
0.000107
0.024262
0.000153
0.000123
0.022736
0.000153
0.000123
0.023728
0.000184
0.000107
0.023606
0.000123
9.2e-05
0.023865
0.000199
0.000107
0.023667
0.000199
9.2e-05
0.023728
0.000168
0.000107
0.023682
0.000138
0.000153
0.023667
0.000153
0.000107
0.023789
0.000168
0.000138
0.023575
0.000107
7.7e-05
0.023896
0.000168
0.000107
0.023728
0.000168
0.000123
0.023652
9.2e-05
7.7e-05
0.023896
0.000153
0.000138
0.023667
0.000123
7.7e-05
0.023774
0.000107
7.7e-05
0.023774
9.2e-05
7.7e-05
0.023896
0.000153
0.000138
0.023621
0.000168
0.000123
0.023682
9.2e-05
7.7e-05
0.023804
9.2e-05
7.7e-05
0.023835
7.7e-05
7.7e-05
0.023896
0.000138
0.000138
0.023697
0.000138
0.000107
0.023728
0.000153
0.000107
0.023743
0.000138
0.000153
0.023697
0.000138
0.000138
0.023652
9.2e-05
7.7e-05
0.023819
0.000123
0.000107
0.023789
0.000123
0.000107
0.023804
0.000153
0.000123
0.023667
0.000138
0.000138
0.023758
0.000138
0.000107
0.023728
0.000138
0.000138
0.023652
9.2e-05
7.7e-05
0.023865
0.000168
9.2e-05
0.023697
9.2e-05
7.7e-05
0.023835
9.2e-05
7.7e-05
0.023865
9.2e-05
7.7e-05
0.023774
7.7e-05
7.7e-05
0.023865
0.000153
0.000138
0.023682
0.000123
9.2e-05
0.023819
0.000138
0.000138
0.023728
0.000153
0.000123
0.023697
0.000153
0.000199
0.023652
0.000153
0.000138
0.023667
0.000138
0.000123
0.023743
0.000138
0.000138
0.023682
0.000138
0.000107
0.023758
0.000153
0.000107
0.023713
9.2e-05
7.7e-05
0.063859
0.000168
0.000107
0.000107
9.2e-05
0.000138
0.000107
0.000107
0.000138
7.7e-05
9.2e-05
7.7e-05
7.7e-05
9.2e-05
7.7e-05
9.2e-05
9.2e-05
7.7e-05
7.7e-05
7.7e-05
0.047959
0.000153
0.000107
0.000107
0.000107
0.000107
0.063309
0.000138
0.000107
0.000107
0.000123
0.000107
0.000138
0.000138
0.023484
0.000168
0.000168
0.023301
0.000123
0.000123
0.023758
0.000184
0.000107
0.023774
0.000123
0.000107
0.023728
0.000123
0.000123
0.023728
0.000153
0.000107
0.023713
9.2e-05
7.7e-05
0.023942
0.000138
0.000123
0.023621
0.000107
0.000123
0.023743
0.000107
0.000138
0.023865
0.000153
0.000107
0.023682
0.000153
0.000107
0.023713
0.000138
0.000107
0.023743
0.000153
9.2e-05
0.023697
0.000107
7.7e-05
0.023804
9.2e-05
7.7e-05
0.023865
0.000138
0.000107
0.023728
0.000138
0.000107
0.023758
0.000138
0.000107
0.023728
0.000138
0.000107
0.023774
0.000138
0.000107
0.060792
0.000138
0.000107
0.000123
0.000153
0.000123
0.010254
0.000138
0.000107
0.023774
0.000123
0.000107
0.024933
0.000123
0.000107
0.022584
0.000138
0.000107
0.023728
0.000123
0.000107
0.023804
0.000153
0.000123
0.023652
0.000123
0.000107
0.023774
0.000123
0.000107
0.023774
0.000107
0.000123
0.023774
0.000153
0.000107
0.023743
0.000123
0.000138
0.023789
0.000168
9.2e-05
0.023621
0.000138
0.000107
0.023789
0.000153
0.000107
0.023789
0.000153
0.000107
0.023682
0.000123
0.000107
0.023774
0.000123
0.000107
0.023743
0.000107
0.000123
0.023758
0.000138
0.000184
0.023667
0.000153
9.2e-05
0.023743
0.000107
0.000123
0.023774
0.000138
0.000138
0.023728
0.000153
0.000123
0.023682
0.000138
0.000123
0.023697
0.000153
0.000123
0.023774
0.000199
0.000107
0.023606
0.000123
0.000107
0.023804
0.000107
0.000107
0.023804
0.000138
0.000123
0.023652
0.000123
0.000123
0.023835
0.000153
0.000107
0.023621
0.000123
0.000107
0.023819
0.000153
0.000107
0.023713
0.000107
6.2e-05
0.023865
0.000153
0.000107
0.023652
9.2e-05
7.7e-05
0.023881
0.000138
0.000107
0.023697
9.2e-05
0.000138
0.02385
0.000153
0.000107
0.023621
0.000123
0.000107
0.023819
0.000138
0.000123
0.023697
0.000107
0.000123
0.023789
0.000123
0.000107
0.023743
0.000138
0.000107
0.023758
9.2e-05
7.7e-05
0.023789
9.2e-05
7.7e-05
0.023926
0.000123
0.000107
0.023682
0.000123
7.7e-05
0.023774
0.000107
6.2e-05
0.023835
0.000107
7.7e-05
0.023789
7.7e-05
7.7e-05
0.023896
0.000123
0.000107
0.023774
0.000138
0.000123
0.023682
0.000107
7.7e-05
0.023774
0.000107
6.2e-05
0.023865
9.2e-05
7.7e-05
0.063813
0.000123
0.000107
0.000153
0.000123
0.000107
0.000138
0.000123
0.06308
0.000107
7.7e-05
6.2e-05
7.7e-05
7.7e-05
9.2e-05
0.000107
0.000168
0.000107
0.000107
0.000107
9.2e-05
7.7e-05
0.000123
0.000138
0.000138
0.000123
0.000123
0.000107
0.047547
0.000107
7.7e-05
6.2e-05
7.7e-05
7.7e-05
0.063508
9.2e-05
9.2e-05
6.2e-05
7.7e-05
7.7e-05
7.7e-05
0.000107
0.023438
9.2e-05
7.7e-05
0.023819
0.000123
7.7e-05
0.023835
0.000184
0.000107
0.023636
9.2e-05
7.7e-05
0.023835
0.000107
7.7e-05
0.023804
0.000107
6.2e-05
0.023835
9.2e-05
7.7e-05
0.023835
0.000123
0.000153
0.023728
7.7e-05
7.7e-05
0.023819
9.2e-05
7.7e-05
0.02385
0.000107
7.7e-05
0.023789
9.2e-05
7.7e-05
0.023835
9.2e-05
7.7e-05
0.023835
7.7e-05
7.7e-05
0.023835
0.000107
7.7e-05
0.023819
7.7e-05
7.7e-05
0.02385
0.000138
0.000123
0.023728
9.2e-05
7.7e-05
0.023819
9.2e-05
6.2e-05
0.023819
9.2e-05
7.7e-05
0.023865
0.000138
0.000138
0.023697
0.000153
0.000107
0.023713
9.2e-05
7.7e-05
0.023804
9.2e-05
6.2e-05
0.023865
9.2e-05
7.7e-05
0.023881
0.000107
6.2e-05
0.023804
0.000123
0.000107
0.023713
0.000123
0.000107
0.023743
0.000123
0.000168
0.023713
0.000123
0.000107
0.023774
0.000123
0.000107
0.023774
0.000123
0.000107
0.023743
0.000107
0.000123
0.023774
0.000107
0.000123
0.023743
0.000123
0.000123
0.023758
0.000123
0.000107
0.023789
0.000123
0.000123
0.023758
0.000138
0.000123
0.023713
9.2e-05
7.7e-05
0.023835
0.000107
7.7e-05
0.023789
9.2e-05
6.2e-05
0.02385
9.2e-05
6.2e-05
0.023911
9.2e-05
7.7e-05
0.023789
0.000107
7.7e-05
0.023774
0.000107
7.7e-05
0.023819
7.7e-05
7.7e-05
0.023819
0.000107
6.2e-05
0.02385
9.2e-05
7.7e-05
0.023835
9.2e-05
7.7e-05
0.023819
9.2e-05
0.000107
0.023804
7.7e-05
7.7e-05
0.02385
9.2e-05
7.7e-05
0.023758
9.2e-05
7.7e-05
0.023835
9.2e-05
7.7e-05
0.023804
9.2e-05
7.7e-05
0.02385
0.000107
0.000107
0.023789
9.2e-05
7.7e-05
0.023819
7.7e-05
7.7e-05
0.023835
0.000107
7.7e-05
0.023835
9.2e-05
7.7e-05
0.023804
9.2e-05
7.7e-05
0.023789
0.000138
0.000107
0.023774
0.000107
6.2e-05
0.023819
7.7e-05
7.7e-05
0.02385
0.000123
0.000107
0.023774
0.000123
0.000107
0.023774
0.000123
0.000107
0.023758
0.000138
0.000107
0.023774
0.000123
0.000107
0.023728
0.000107
0.000123
0.023728
0.000107
0.000168
0.023743
0.000138
0.000107
0.023758
9.2e-05
6.2e-05
0.023819
7.7e-05
7.7e-05
0.023835
9.2e-05
7.7e-05
0.023804
9.2e-05
7.7e-05
0.02385
7.7e-05
7.7e-05
0.02385
9.2e-05
7.7e-05
0.023789
9.2e-05
7.7e-05
0.023789
9.2e-05
9.2e-05
0.023835
9.2e-05
7.7e-05
0.023819
7.7e-05
7.7e-05
0.023819
0.000107
7.7e-05
0.023819
7.7e-05
7.7e-05
0.023942
0.000138
9.2e-05
0.023697
9.2e-05
7.7e-05
0.023789
9.2e-05
6.2e-05
0.023881
0.000123
0.000123
0.023728
0.000107
7.7e-05
0.023881
0.000138
0.000107
0.023743
0.000138
0.000107
0.023804
0.000184
0.000107
0.023636
0.000214
0.000123
0.023636
0.000138
0.000107
0.023743
0.000138
0.000107
0.023789
0.000138
0.000107
0.023713
0.000138
0.000123
0.023713
0.000107
7.7e-05
0.023835
0.000107
7.7e-05
0.023774
9.2e-05
7.7e-05
0.023835
9.2e-05
7.7e-05
0.023865
0.000153
0.000107
0.023682
0.000107
7.7e-05
0.063813
0.000138
0.000138
0.000107
0.000123
0.000123
0.000107
0.000123
0.000138
0.000123
9.2e-05
0.000107
0.000123
0.000107
0.000107
0.000107
0.000107
0.000107
0.000107
0.000107
0.047669
0.000123
0.000107
0.000107
0.000107
9.2e-05
0.063416
0.000107
7.7e-05
7.7e-05
7.7e-05
6.2e-05
0.000138
7.7e-05
0.06337
0.000107
7.7e-05
7.7e-05
6.2e-05
7.7e-05
7.7e-05
7.7e-05
0.023423
9.2e-05
7.7e-05
0.023835
0.000107
7.7e-05
0.023774
9.2e-05
7.7e-05
0.023911
0.000123
0.000107
0.023774
0.000153
0.000107
0.023697
0.000123
0.000107
0.023758
0.000123
0.000107
0.023758
7.7e-05
7.7e-05
0.023835
9.2e-05
7.7e-05
0.023835
0.000107
7.7e-05
0.023911
0.000107
6.2e-05
0.023713
7.7e-05
7.7e-05
0.023819
0.000107
7.7e-05
0.023881
0.000153
0.000107
0.023774
0.000168
0.000107
0.023606
9.2e-05
7.7e-05
0.023835
9.2e-05
6.2e-05
0.023835
9.2e-05
9.2e-05
0.023819
9.2e-05
7.7e-05
0.023819
9.2e-05
0.000153
0.023743
9.2e-05
6.2e-05
0.023865
9.2e-05
7.7e-05
0.023789
9.2e-05
7.7e-05
0.023804
9.2e-05
0.000138
0.023774
9.2e-05
7.7e-05
0.023819
9.2e-05
7.7e-05
0.023819
9.2e-05
7.7e-05
0.02385
9.2e-05
7.7e-05
0.023804
9.2e-05
7.7e-05
0.023819
9.2e-05
6.2e-05
0.02385
9.2e-05
7.7e-05
0.023804
7.7e-05
7.7e-05
0.023865
0.000107
9.2e-05
0.023774
0.000123
7.7e-05
0.023804
0.000138
7.7e-05
0.023804
0.000138
0.000107
0.023728
0.000123
9.2e-05
0.023713
0.000138
9.2e-05
0.023774
0.000107
0.000107
0.023804
0.000107
0.000107
0.023758
0.000107
0.000107
0.023774
0.000123
9.2e-05
0.023774
0.000107
0.000107
0.023789
0.000107
0.000107
0.023774
0.000107
0.000107
0.023774
0.000123
0.000123
0.023743
0.000123
0.000107
0.023758
0.000123
0.000107
0.023804
7.7e-05
7.7e-05
0.023819
9.2e-05
7.7e-05
0.023865
0.000138
7.7e-05
0.023774
9.2e-05
7.7e-05
0.023804
7.7e-05
7.7e-05
0.023819
0.000123
7.7e-05
0.023819
0.000107
7.7e-05
0.023819
0.000107
7.7e-05
0.023819
0.000107
7.7e-05
0.023774
9.2e-05
7.7e-05
0.023819
9.2e-05
7.7e-05
0.02385
9.2e-05
7.7e-05
0.023804
9.2e-05
6.2e-05
0.02385
7.7e-05
9.2e-05
0.023804
9.2e-05
7.7e-05
0.023865
0.000123
7.7e-05
0.023774
0.000107
6.2e-05
0.023819
7.7e-05
7.7e-05
0.023819
9.2e-05
6.2e-05
0.023865
9.2e-05
7.7e-05
0.023835
0.000123
9.2e-05
0.023758
9.2e-05
7.7e-05
0.023819
9.2e-05
7.7e-05
0.023804
0.000107
6.2e-05
0.023835
0.000107
6.2e-05
0.023835
9.2e-05
7.7e-05
0.023804
9.2e-05
7.7e-05
0.02385
0.000123
0.000107
0.023758
0.000107
9.2e-05
0.023789
0.000107
7.7e-05
0.023789
9.2e-05
7.7e-05
0.023819
7.7e-05
7.7e-05
0.023881
9.2e-05
7.7e-05
0.023774
9.2e-05
7.7e-05
0.023835
9.2e-05
0.000153
0.023758
9.2e-05
0.000138
0.023743
9.2e-05
7.7e-05
0.023804
9.2e-05
7.7e-05
0.063828
0.000153
0.000107
0.000107
0.000107
0.000107
0.000107
0.000107
0.048188
9.2e-05
7.7e-05
7.7e-05
7.7e-05
7.7e-05
0.054581
0.000107
9.2e-05
0.000107
7.7e-05
7.7e-05
7.7e-05
0.048478
9.2e-05
7.7e-05
7.7e-05
6.2e-05
7.7e-05
0.063584
0.000107
7.7e-05
7.7e-05
6.2e-05
7.7e-05
7.7e-05
7.7e-05
0.039414
0.000107
7.7e-05
7.7e-05
6.2e-05
0.023652
9.2e-05
7.7e-05
0.023835
0.000107
6.2e-05
0.02385
9.2e-05
7.7e-05
0.023758
9.2e-05
7.7e-05
0.023835
7.7e-05
7.7e-05
0.023881
9.2e-05
7.7e-05
0.023804
9.2e-05
7.7e-05
0.023865
7.7e-05
0.000107
0.023743
9.2e-05
6.2e-05
0.02385
9.2e-05
9.2e-05
0.023804
9.2e-05
7.7e-05
0.023819
0.000123
7.7e-05
0.023789
9.2e-05
7.7e-05
0.023819
0.000123
7.7e-05
0.023804
9.2e-05
6.2e-05
0.023819
9.2e-05
7.7e-05
0.02385
0.000123
9.2e-05
0.023819
0.000107
7.7e-05
0.023804
9.2e-05
7.7e-05
0.023789
9.2e-05
7.7e-05
0.023819
9.2e-05
9.2e-05
0.023789
7.7e-05
7.7e-05
0.02385
0.000107
0.000107
0.023774
9.2e-05
7.7e-05
0.023819
9.2e-05
7.7e-05
0.023835
9.2e-05
7.7e-05
0.023804
9.2e-05
7.7e-05
0.023835
9.2e-05
6.2e-05
0.02385
7.7e-05
7.7e-05
0.023835
9.2e-05
0.000138
0.023789
7.7e-05
7.7e-05
0.023804
7.7e-05
7.7e-05
0.02385
7.7e-05
7.7e-05
0.02385
7.7e-05
7.7e-05
0.023896
0.000123
0.000107
0.023743
0.000123
0.000123
0.023743
9.2e-05
7.7e-05
0.023819
9.2e-05
7.7e-05
0.023743
0.000107
6.2e-05
0.02385
0.000153
0.000107
0.023819
0.000153
0.000107
0.023743
0.000153
0.000107
0.023743
0.000138
9.2e-05
0.023728
0.000168
9.2e-05
0.023819
0.000199
9.2e-05
0.023621
0.000138
9.2e-05
0.023713
0.000138
0.000123
0.023758
0.000123
0.000107
0.023728
0.000123
0.000107
0.023835
0.000153
0.000107
0.023713
0.000107
0.000123
0.023789
0.000184
0.000123
0.023621
0.000123
0.000123
0.023835
0.000153
0.000123
0.023636
0.000123
0.000107
0.023743
0.000153
0.000107
0.023804
0.000123
0.000138
0.023713
0.000153
0.000107
0.023804
0.000138
0.000123
0.023636
0.000138
0.000107
0.023713
0.000123
0.000107
0.02385
0.000138
0.000123
0.023713
0.000153
0.000123
0.023743
0.000153
0.000107
0.023697
0.000138
0.000123
0.023728
0.000123
0.000123
0.023743
0.000107
0.000107
0.023728
0.000138
0.000107
0.023774
0.000123
0.000138
0.023697
0.000107
0.000123
0.023819
0.000123
0.000138
0.023652
0.000107
7.7e-05
0.023819
0.000107
0.000153
0.023713
9.2e-05
7.7e-05
0.023819
7.7e-05
7.7e-05
0.023896
0.000138
0.000107
0.023728
0.000123
0.000107
0.023835
0.000153
0.000123
0.023667
0.000153
0.000107
0.023728
0.000138
0.000123
0.023697
0.000123
0.000107
0.023789
0.000153
9.2e-05
0.023835
0.000168
0.000107
0.023652
0.000168
0.000107
0.023713
0.000153
0.000107
0.023758
0.000153
0.000107
0.023682
0.000123
0.000123
0.063782
0.000168
9.2e-05
0.000107
9.2e-05
0.000107
0.000107
9.2e-05
0.000153
0.000123
9.2e-05
0.000107
9.2e-05
0.000107
0.000107
9.2e-05
0.000107
9.2e-05
0.000107
9.2e-05
0.047654
0.000153
0.000107
0.000107
0.000107
0.000153
0.063355
0.000123
0.000107
0.000107
0.000107
0.000107
0.000107
0.000123
0.023163
0.000107
0.000107
0.02385
0.000138
0.000138
0.023728
0.000123
0.000107
0.023743
0.000168
0.000123
0.023682
0.000138
0.000123
0.023789
0.000153
0.000107
0.023682
0.000123
0.000123
0.023697
0.000123
0.000123
0.023758
0.000107
0.000107
0.023789
0.000138
0.000123
0.023697
0.000123
0.000123
0.023774
0.000107
0.000123
0.023728
0.000123
0.000107
0.023789
0.000107
0.000123
0.023758
0.000123
0.000107
0.023743
9.2e-05
7.7e-05
0.023804
9.2e-05
7.7e-05
0.023926
0.000107
7.7e-05
0.023713
9.2e-05
9.2e-05
0.023819
0.000138
0.000107
0.023758
0.000138
9.2e-05
0.023713
0.000123
7.7e-05
0.023789
9.2e-05
7.7e-05
0.023972
0.000168
9.2e-05
0.023606
9.2e-05
6.2e-05
0.023789
9.2e-05
7.7e-05
0.023835
9.2e-05
7.7e-05
0.02385
9.2e-05
7.7e-05
0.023819
9.2e-05
7.7e-05
0.023835
0.000123
7.7e-05
0.023774
7.7e-05
7.7e-05
0.02385
9.2e-05
7.7e-05
0.023865
9.2e-05
7.7e-05
0.023789
9.2e-05
9.2e-05
0.023758
7.7e-05
7.7e-05
0.023865
7.7e-05
9.2e-05
0.023804
9.2e-05
9.2e-05
0.023804
9.2e-05
0.000123
0.023835
0.000138
0.000123
0.023667
9.2e-05
7.7e-05
0.023835
9.2e-05
7.7e-05
0.023804
9.2e-05
7.7e-05
0.023835
9.2e-05
7.7e-05
0.023881
0.000168
0.000107
0.023636
9.2e-05
7.7e-05
0.023835
9.2e-05
7.7e-05
0.023804
7.7e-05
7.7e-05
0.02385
7.7e-05
0.000153
0.023789
9.2e-05
7.7e-05
0.023789
7.7e-05
7.7e-05
0.023835
9.2e-05
7.7e-05
0.023819
7.7e-05
7.7e-05
0.023835
9.2e-05
7.7e-05
0.023835
9.2e-05
7.7e-05
0.023789
9.2e-05
7.7e-05
0.023819
9.2e-05
6.2e-05
0.023881
7.7e-05
7.7e-05
0.023789
0.000123
0.000107
0.023774
0.000123
0.000107
0.023804
0.000123
0.000107
0.023697
9.2e-05
7.7e-05
0.02385
0.000107
0.000168
0.023728
0.000123
0.000107
0.023728
0.000107
0.000123
0.023743
0.000153
0.000107
0.023743
0.000153
7.7e-05
0.023758
9.2e-05
7.7e-05
0.023819
7.7e-05
7.7e-05
0.02385
7.7e-05
7.7e-05
0.023819
9.2e-05
7.7e-05
0.023865
0.000123
0.000107
0.023774
0.000138
0.000107
0.023697
0.000107
7.7e-05
0.023835
9.2e-05
7.7e-05
0.023865
0.000168
0.000107
0.023682
9.2e-05
6.2e-05
0.063797
0.000107
6.2e-05
7.7e-05
7.7e-05
6.2e-05
7.7e-05
7.7e-05
0.048478
0.000168
0.000107
0.000107
0.000107
0.000184
0.063248
0.000153
9.2e-05
0.000123
0.000107
0.000107
0.000107
0.000123
0.063202
0.000138
0.000107
0.000107
9.2e-05
0.000107
0.000107
0.000107
0.023285
0.000168
9.2e-05
0.023682
0.000123
9.2e-05
0.023758
0.000138
0.000107
0.023697
9.2e-05
7.7e-05
0.023835
0.000138
0.000123
0.023758
9.2e-05
7.7e-05
0.023835
0.000153
0.000107
0.023697
9.2e-05
7.7e-05
0.023881
0.000153
9.2e-05
0.023728
0.000153
0.000107
0.023713
0.000153
0.000123
0.023789
9.2e-05
7.7e-05
0.023758
0.000168
9.2e-05
0.023774
0.000153
9.2e-05
0.023713
0.000123
0.000107
0.023758
0.000138
0.000107
0.023713
0.000123
0.000107
0.023774
0.000168
0.000107
0.023758
0.000168
0.000107
0.023728
0.000168
9.2e-05
0.023652
0.000138
0.000107
0.023743
0.000153
0.000107
0.023728
0.000123
6.2e-05
0.023835
0.000107
7.7e-05
0.023819
0.000153
0.000107
0.023728
0.000168
0.000107
0.023713
0.000138
0.000107
0.024872
0.000138
0.000107
0.022629
0.000138
0.000107
0.023789
0.000138
0.000123
0.023713
0.000138
0.000107
0.023758
0.000168
0.000107
0.023697
0.000153
0.000138
0.023636
9.2e-05
7.7e-05
0.023819
0.000107
7.7e-05
0.023881
0.000153
0.000107
0.023667
0.000153
0.000123
0.023774
9.2e-05
7.7e-05
0.023743
0.000107
7.7e-05
0.023804
0.000107
7.7e-05
0.023804
0.000138
0.000123
0.023743
0.000153
0.000107
0.023758
0.000123
7.7e-05
0.023758
0.000107
7.7e-05
0.023865
0.000138
0.000123
0.023682
0.000107
7.7e-05
0.023789
0.000107
7.7e-05
0.023804
0.000107
7.7e-05
0.02475
0.000199
0.000153
0.022721
0.000138
0.000123
0.023743
0.000107
0.000153
0.023697
9.2e-05
7.7e-05
0.023881
0.000107
7.7e-05
0.023774
0.000138
0.000107
0.023804
0.000123
0.000107
0.023728
0.000138
0.000107
0.023774
0.000138
0.000107
0.023697
0.000123
0.000107
0.023865
0.000123
0.000107
0.023697
0.000138
0.000107
0.023789
0.000138
0.000107
0.023682
0.000153
0.000107
0.023758
0.000107
0.000107
0.023743
0.000138
0.000107
0.023774
0.000168
0.000107
0.023697
0.000138
0.000107
0.024033
0.000138
0.000138
0.023407
0.000123
0.000107
0.023835
0.000138
0.000107
0.023713
0.000123
0.000107
0.023789
0.000184
0.000107
0.023667
0.000138
0.000107
0.023697
0.000123
0.000107
0.023743
0.000123
0.000107
0.023758
0.000123
9.2e-05
0.023881
0.000138
9.2e-05
0.023697
0.000123
0.000107
0.023804
0.000123
0.000123
0.063675
0.000153
0.000107
0.000107
0.000123
0.000107
0.000107
0.000123
0.048188
9.2e-05
7.7e-05
7.7e-05
0.000107
0.000107
0.054459
9.2e-05
7.7e-05
9.2e-05
0.000107
9.2e-05
0.000107
0.048417
9.2e-05
7.7e-05
9.2e-05
7.7e-05
9.2e-05
0.063538
0.000107
9.2e-05
0.000107
0.000107
0.000123
0.000168
9.2e-05
0.023209
0.000107
0.000138
0.023758
9.2e-05
7.7e-05
0.076188
0.000138
0.000107
0.000107
0.000123
0.000123
0.000168
0.000107
0.000107
0.018494
0.000138
0.000107
0.023789
0.000168
0.000107
0.023682
0.000138
0.000107
0.023774
0.000138
0.000107
0.023713
0.000138
0.000107
0.023743
0.000123
9.2e-05
0.023743
0.000138
0.000107
0.023865
0.000138
0.000107
0.023652
0.000138
0.000107
0.023804
0.000138
0.000123
0.026673
0.000168
0.000123
0.020691
0.000168
9.2e-05
0.023758
0.000123
0.000107
0.024201
0.000138
0.000123
0.023301
0.000123
0.000123
0.024415
0.000138
0.000107
0.023102
0.000123
0.000107
0.023728
0.000123
0.000123
0.024521
0.000229
0.000107
0.022782
0.000138
0.000107
0.023835
0.000199
0.000107
0.023728
0.000123
0.000107
0.023697
0.000123
0.000123
0.023804
0.000153
0.000107
0.023743
0.000123
0.000123
0.02385
0.000138
0.000123
0.02356
0.000123
7.7e-05
0.024003
0.000153
0.000107
0.023499
0.000107
7.7e-05
0.023819
0.000123
0.000107
0.024643
0.000138
0.000107
0.022858
0.000123
0.000107
0.023819
0.000123
0.000107
0.024399
0.000138
0.000107
0.023636
0.000138
0.000107
0.023163
0.000123
0.000107
0.023758
0.000153
0.000107
0.023713
0.000138
0.000107
0.023819
0.000214
0.000107
0.023652
0.000199
0.000107
0.024628
0.000153
0.000123
0.022812
0.000138
0.000107
0.023758
0.000123
0.000107
0.023774
0.000138
0.000107
0.023728
0.000168
0.000107
0.024109
0.000138
0.000107
0.023377
0.000138
0.000107
0.023743
0.000184
0.000107
0.023728
0.000123
0.000107
0.023713
0.000138
0.000107
0.024735
0.000138
0.000107
0.022797
0.000168
0.000107
0.023652
0.000107
7.7e-05
0.023819
0.000138
0.000123
0.02385
0.000138
0.000107
0.023621
0.000168
0.000107
0.023728
0.000153
9.2e-05
0.023758
0.000138
0.000107
0.023743
0.000107
0.000168
0.023713
0.000153
0.000123
0.023713
0.000153
0.000138
0.023728
0.000107
7.7e-05
0.023743
9.2e-05
0.000107
0.023804
9.2e-05
0.000107
0.023789
9.2e-05
9.2e-05
0.023835
9.2e-05
9.2e-05
0.023804
0.000107
7.7e-05
0.023835
0.000123
0.000123
0.073349
0.000138
0.000107
0.000138
0.000107
0.000123
0.000107
0.000123
0.000168
0.021363
0.000168
0.000107
0.023697
0.000123
0.000123
0.023774
0.000123
0.000107
0.023896
0.000138
0.000107
0.023591
0.000138
0.000107
0.023743
0.000138
0.000107
0.023911
0.000138
0.000153
0.023545
0.000138
0.000107
0.063706
0.000123
0.000107
0.000123
0.000123
0.000123
9.2e-05
0.000123
0.048127
0.000123
0.000107
0.000123
0.000107
0.000123
0.054429
0.000107
7.7e-05
9.2e-05
0.000107
0.000123
0.000123
0.048371
0.000107
7.7e-05
0.000123
9.2e-05
0.000123
0.063477
0.000168
0.000123
0.000123
0.000123
0.000138
0.000138
0.000138
0.062989
0.000123
7.7e-05
7.7e-05
0.000107
9.2e-05
9.2e-05
9.2e-05
0.06337
0.000138
0.000107
0.000123
0.000107
0.000107
0.000123
0.000123
0.023133
0.000123
0.000107
0.023743
0.000123
0.000123
0.023911
0.000214
0.000123
0.023545
0.000123
0.000107
0.023758
0.000153
9.2e-05
0.023713
0.000168
0.000107
0.023728
0.000138
0.000107
0.023774
0.000138
0.000107
0.023713
0.000138
0.000107
0.023743
0.000138
0.000123
0.023728
0.000107
7.7e-05
0.023835
0.000153
0.000107
0.023743
0.000153
0.000123
0.030671
0.000153
0.000107
0.016785
0.000153
0.000107
0.023697
0.000107
7.7e-05
0.023789
0.000107
7.7e-05
0.023865
0.000138
7.7e-05
0.023911
0.000107
7.7e-05
0.023667
0.000107
7.7e-05
0.023774
0.000123
0.000107
0.023881
0.000107
7.7e-05
0.023682
0.000153
0.000107
0.023789
0.000153
0.000123
0.023697
0.000107
7.7e-05
0.025773
0.000138
0.000107
0.02176
0.000138
0.000123
0.02385
0.000153
0.000123
0.023697
0.000123
0.000107
0.023758
0.000123
7.7e-05
0.023789
0.000153
0.000107
0.023774
0.000184
0.000107
0.023743
0.000138
9.2e-05
0.023743
0.000138
0.000107
0.023774
0.000138
0.000138
0.023667
0.000123
0.000107
0.02385
0.000123
0.000107
0.023713
0.000138
0.000107
0.023789
0.000138
0.000107
0.024323
0.000153
0.000107
0.023072
0.000123
0.000107
0.023728
0.000123
0.000184
0.023697
0.000153
0.000107
0.024949
0.000168
9.2e-05
0.022522
0.000138
0.000107
0.023697
0.000123
0.000107
0.023789
0.000138
0.000107
0.023728
0.000168
0.000107
0.023758
0.000138
0.000107
0.023774
0.000184
0.000107
0.023682
0.000168
0.000107
0.023713
0.000184
0.000138
0.023621
9.2e-05
7.7e-05
0.023926
0.000153
0.000123
0.023636
0.000107
7.7e-05
0.023865
0.000107
7.7e-05
0.023743
0.000107
6.2e-05
0.023926
0.000168
9.2e-05
0.023652
0.000107
7.7e-05
0.024689
0.000138
0.000107
0.022889
0.000138
0.000153
0.023743
0.000168
0.000107
0.023682
0.000107
7.7e-05
0.02385
0.000168
0.000107
0.023697
0.000153
9.2e-05
0.023728
0.000138
0.000107
0.023713
0.000107
7.7e-05
0.023865
0.000138
0.000107
0.023682
0.000107
7.7e-05
0.02385
0.000107
7.7e-05
0.023819
0.000123
0.000107
0.023758
0.000107
7.7e-05
0.023789
0.000107
7.7e-05
0.023819
0.000107
7.7e-05
0.023819
0.000184
0.000107
0.023713
0.000153
0.000123
0.023682
0.000138
0.000123
0.023758
9.2e-05
7.7e-05
0.023835
0.000153
0.000123
0.023697
0.000138
0.000138
0.023728
0.000199
0.000123
0.023713
0.000168
0.000107
0.023713
0.000184
0.000123
0.023636
9.2e-05
7.7e-05
0.02385
0.000107
7.7e-05
0.02385
0.000153
0.000107
0.023667
0.000107
7.7e-05
0.02385
0.000107
6.2e-05
0.023804
0.000138
7.7e-05
0.023804
9.2e-05
7.7e-05
0.023804
0.000138
0.000123
0.023819
0.000153
0.000107
0.023606
0.000107
7.7e-05
0.023865
9.2e-05
7.7e-05
0.023774
0.000107
7.7e-05
0.03386
0.000138
6.2e-05
0.013779
0.000123
0.000107
0.023728
0.000107
7.7e-05
0.023819
0.000107
0.000107
0.063767
0.000107
7.7e-05
7.7e-05
0.000107
0.000107
0.000107
0.000107
0.000123
0.000107
9.2e-05
0.000123
9.2e-05
0.000107
9.2e-05
0.000107
0.000107
9.2e-05
0.000107
0.000107
0.047745
0.000107
7.7e-05
7.7e-05
0.000107
0.000107
0.023499
0.000107
7.7e-05
0.023819
0.000107
9.2e-05
0.023774
0.000153
0.000123
0.024064
0.000123
7.7e-05
0.023453
0.000123
0.000123
0.023728
0.000153
0.000107
0.023728
0.000107
7.7e-05
0.023819
0.000153
9.2e-05
0.023789
0.000153
0.000123
0.023713
0.000138
0.000107
0.023728
0.000123
7.7e-05
0.023728
0.000107
0.000123
0.023774
0.000123
0.000107
0.023758
0.000138
0.000107
0.023804
0.000153
0.000123
0.023652
0.000123
0.000123
0.02414
0.000168
0.000107
0.023423
0.000138
0.000107
0.023972
0.000138
0.000107
0.023819
0.000123
0.000214
0.023255
0.000123
0.000107
0.023774
0.000107
0.000123
0.023774
0.000123
0.000107
0.023758
0.000123
0.000107
0.023758
0.000107
0.000153
0.023758
0.000123
0.000107
0.023743
0.000123
0.000123
0.023743
0.000107
0.000138
0.023743
0.000123
0.000123
0.023789
0.000123
0.000107
0.023743
0.000123
0.000107
0.023774
0.000184
0.000123
0.023682
0.000138
0.000107
0.023758
0.000123
0.000107
0.023789
0.000123
0.000107
0.023774
0.000123
0.000107
