0.000153
9.2e-05
0.023743
0.000138
0.000107
0.023743
0.000184
0.000123
0.023636
9.2e-05
9.2e-05
0.023774
9.2e-05
7.7e-05
0.023819
7.7e-05
7.7e-05
0.023835
0.000107
7.7e-05
0.023819
0.000107
7.7e-05
0.023804
0.000107
7.7e-05
0.023804
0.000123
7.7e-05
0.023789
9.2e-05
7.7e-05
0.02385
9.2e-05
7.7e-05
0.023774
9.2e-05
7.7e-05
0.023835
7.7e-05
7.7e-05
0.023819
9.2e-05
7.7e-05
0.023835
9.2e-05
7.7e-05
0.023804
7.7e-05
7.7e-05
0.023926
0.000153
0.000123
0.023636
0.000107
7.7e-05
0.023804
0.000214
0.000107
0.023667
0.000107
7.7e-05
0.023774
9.2e-05
7.7e-05
0.02385
7.7e-05
7.7e-05
0.023819
0.000123
7.7e-05
0.023804
0.000138
0.000123
0.063736
0.000107
7.7e-05
7.7e-05
7.7e-05
7.7e-05
7.7e-05
7.7e-05
0.048386
9.2e-05
0.000107
7.7e-05
7.7e-05
7.7e-05
0.000138
0.000107
9.2e-05
7.7e-05
9.2e-05
7.7e-05
9.2e-05
7.7e-05
7.7e-05
9.2e-05
7.7e-05
7.7e-05
0.000214
0.000107
0.000123
0.000107
0.000123
9.2e-05
7.7e-05
7.7e-05
7.7e-05
7.7e-05
7.7e-05
6.2e-05
0.022782
0.000138
0.000123
0.023728
0.000184
7.7e-05
0.023774
0.000168
9.2e-05
0.023682
0.000107
0.000107
0.023774
0.000107
0.000107
0.023804
0.000123
9.2e-05
0.023758
0.000138
0.000107
0.023789
0.000138
0.000123
0.023682
0.000107
0.000107
0.023819
0.000138
9.2e-05
0.023743
0.000123
0.000138
0.023728
0.000123
9.2e-05
0.023774
0.000107
0.000107
0.023774
0.000123
0.000107
0.023758
0.000123
0.000107
0.023789
0.000123
9.2e-05
0.000123
0.000107
0.023713
0.000138
9.2e-05
0.023728
0.000138
0.000107
0.023758
0.000107
9.2e-05
0.023789
0.000123
9.2e-05
0.023774
0.000153
0.000107
0.023728
0.000123
9.2e-05
0.023774
0.000138
9.2e-05
0.023758
0.000123
0.000107
0.023758
0.000107
0.000107
0.023774
0.000107
0.000107
0.023804
0.000138
9.2e-05
0.023743
0.000107
0.000107
0.023758
0.000138
0.000107
0.023774
0.000107
9.2e-05
0.023774
0.000123
0.000107
0.023789
0.000107
0.000107
0.023743
0.000107
9.2e-05
0.023804
0.000107
0.000123
0.023774
0.000107
9.2e-05
0.023774
0.000107
9.2e-05
0.023804
0.000107
0.000107
0.023789
0.000123
9.2e-05
0.023774
0.000138
9.2e-05
0.023789
0.000138
0.000107
0.023697
0.000123
0.000107
0.023774
0.000138
0.000107
0.023743
0.000123
0.000107
0.023758
0.000123
0.000107
0.023758
0.000123
0.000123
0.023713
0.000123
0.000107
0.023774
0.000107
0.000107
0.023835
0.000107
0.000107
0.023743
0.000107
9.2e-05
0.023774
0.000107
9.2e-05
0.023789
0.000123
9.2e-05
0.023804
0.000123
9.2e-05
0.023743
0.000107
9.2e-05
0.023789
0.000123
9.2e-05
0.023774
0.000123
0.000107
0.023774
0.000107
0.000107
0.023789
0.000123
9.2e-05
0.023774
0.000107
0.000107
0.023881
0.000168
9.2e-05
0.023682
0.000107
7.7e-05
0.023774
0.000107
7.7e-05
0.023865
0.000138
0.000123
0.023713
0.000138
0.000107
0.023697
0.000184
0.000153
0.023667
0.000107
0.000107
0.023789
0.000153
0.000138
0.023697
0.000138
0.000138
0.023713
0.000138
0.000107
0.023758
0.000138
9.2e-05
0.023728
0.000107
0.000107
0.023743
9.2e-05
7.7e-05
0.023896
0.000153
0.000138
0.023713
0.000153
0.000107
0.023728
0.000153
0.000107
0.023728
0.000153
0.000138
0.023667
0.000153
0.000138
0.023743
0.000123
0.000107
0.023743
0.000153
0.000138
0.023636
0.000153
0.000107
0.023758
0.000123
0.000107
0.023758
0.000107
0.000107
0.023865
0.000168
0.000138
0.023606
0.000123
9.2e-05
0.063782
0.000138
0.000107
0.000107
0.000107
0.000107
0.000107
0.000107
0.063187
0.000153
0.000107
0.000107
0.000107
9.2e-05
0.000107
0.000107
0.000138
0.000123
0.000107
0.000123
0.000107
0.000107
0.000107
0.000107
0.000107
0.000107
0.000107
0.000107
0.04686
0.000138
0.000107
0.000107
0.000107
0.000107
0.000138
0.000107
0.000107
0.000123
0.000123
0.000138
0.000107
0.000123
0.000153
0.000123
0.000123
0.000168
0.022431
0.000138
0.000123
0.02385
0.000153
0.000107
0.023636
0.000138
0.000107
0.023713
9.2e-05
9.2e-05
0.023942
0.000168
0.000107
0.02356
0.000123
0.000123
0.023835
0.000168
0.000123
0.023697
0.000138
0.000107
0.023774
9.2e-05
7.7e-05
0.023774
0.000153
0.000138
0.023713
0.000138
0.000107
0.023774
0.000138
0.000123
0.023774
0.000168
0.000123
0.023667
0.000153
0.000107
0.023697
0.000123
9.2e-05
0.023804
0.000123
9.2e-05
0.023804
0.000107
0.000107
0.023789
0.000138
0.000123
0.023713
0.000107
0.000138
0.023743
0.000123
0.000138
0.023728
0.000153
7.7e-05
0.023728
0.000153
0.000138
0.023697
0.000138
0.000123
0.023789
0.000168
0.000138
0.023606
9.2e-05
7.7e-05
0.023835
9.2e-05
9.2e-05
0.02385
0.000138
9.2e-05
0.023789
0.000123
0.000107
0.023728
0.000123
0.000107
0.023804
0.000184
0.000123
0.023652
0.000138
0.000107
0.023774
0.000138
7.7e-05
0.023789
0.000123
0.000107
0.023789
0.000153
0.000107
0.023682
0.000123
0.000107
0.023758
0.000123
0.000107
0.02446
0.000138
0.000199
0.022965
0.000123
0.000107
0.023758
0.000153
0.000107
0.023758
0.000123
0.000153
0.023713
0.000138
9.2e-05
0.023835
0.000138
0.000107
0.023697
0.000123
0.000107
0.023758
0.000138
0.000107
0.023789
0.000138
0.000107
0.023743
0.000123
0.000107
0.023728
0.000138
0.000107
0.023774
0.000123
0.000168
0.023652
9.2e-05
7.7e-05
0.023819
0.000153
0.000107
0.023743
0.000107
0.000123
0.023743
0.000123
0.000123
0.023804
0.000153
0.000107
0.023713
0.000138
0.000107
0.023819
0.000168
0.000107
0.023652
0.000107
7.7e-05
0.02385
0.000153
0.000107
0.023728
0.000168
0.000107
0.023713
0.000153
0.000107
0.023682
0.000123
0.000107
0.023774
0.000123
0.000123
0.023804
0.000153
0.000107
0.023667
0.000153
0.000107
0.023728
0.000107
0.000123
0.023819
0.000138
9.2e-05
0.023789
0.000123
0.000107
0.023804
0.000153
0.000107
0.023682
0.000138
0.000123
0.023713
0.000123
0.000107
0.023713
0.000123
0.000123
0.023758
0.000123
0.000123
0.023774
0.000107
0.000123
0.023728
0.000123
0.000107
0.023804
0.000123
0.000138
0.023804
0.000153
0.000107
0.023682
0.000153
0.000107
0.023804
0.000153
0.000107
0.023636
0.000123
0.000107
0.02385
0.000168
0.000107
0.023606
0.000123
0.000107
0.023819
0.000138
0.000123
0.023636
0.000138
0.000107
0.023835
0.000107
6.2e-05
0.023789
0.000138
0.000107
0.023728
9.2e-05
7.7e-05
0.023835
9.2e-05
7.7e-05
0.023819
9.2e-05
7.7e-05
0.023865
0.000153
0.000107
0.023758
0.000153
9.2e-05
0.023682
0.000138
9.2e-05
0.023743
0.000123
9.2e-05
0.023758
0.000123
9.2e-05
0.023911
0.000153
0.000107
0.023697
0.000168
0.000107
0.023667
0.000123
0.000107
0.023835
0.000153
0.000123
0.023697
9.2e-05
7.7e-05
0.023835
0.000229
9.2e-05
0.023728
0.000153
0.000107
0.023652
9.2e-05
7.7e-05
0.023865
0.000153
0.000107
0.023713
0.000138
0.000123
0.023667
7.7e-05
7.7e-05
0.023835
9.2e-05
7.7e-05
0.023881
0.000138
0.000107
0.023758
0.000168
9.2e-05
0.000123
0.000107
0.000107
0.000123
0.000123
0.000107
0.000123
0.000107
0.000107
0.000123
0.000107
0.000107
0.000153
0.000138
9.2e-05
0.000107
9.2e-05
0.000107
0.000123
0.047638
0.000153
0.039414
0.000123
0.000107
0.000107
9.2e-05
0.000138
0.000107
0.000107
9.2e-05
0.000107
9.2e-05
0.000123
0.000107
0.000123
0.000107
0.000123
0.000107
0.022675
0.000168
0.000123
0.023682
0.000138
9.2e-05
0.023789
0.000123
0.000107
0.023758
0.000168
0.000123
0.023758
0.000138
0.000107
0.023728
0.000153
9.2e-05
0.023774
0.000168
0.000107
0.023606
9.2e-05
6.2e-05
0.023911
0.000138
7.7e-05
0.023728
0.000153
0.000107
0.023758
0.000107
7.7e-05
0.02385
0.000153
0.000123
0.023713
0.000138
0.000123
0.023728
0.000153
0.047867
0.024064
0.000138
0.000138
0.023591
0.000138
9.2e-05
0.023743
0.000138
0.000107
0.023728
0.000107
0.000123
0.023789
0.000107
0.000123
0.023758
0.000123
0.000107
0.023728
0.000138
0.000107
0.023758
0.000107
0.000107
0.023774
0.000107
9.2e-05
0.023819
0.000153
9.2e-05
0.023758
0.000184
0.000107
0.023667
0.000107
0.000123
0.023804
0.000107
0.000107
0.023758
0.000123
0.000107
0.023743
0.000123
0.000123
0.023758
0.000123
0.000107
0.023774
0.000107
0.000123
0.025544
0.000123
0.000107
0.022004
0.000123
0.000107
0.095856
0.000123
0.025773
0.000138
0.000107
0.021729
0.000123
0.000123
0.023758
0.000153
0.000107
0.023758
0.000138
0.000107
0.023743
0.000153
0.000107
0.023957
0.000123
0.000107
0.024231
0.000123
0.000107
0.02327
0.000123
0.000107
0.023957
0.000138
0.000107
0.023362
0.000138
9.2e-05
0.023728
0.000138
0.000107
0.095795
0.024109
0.000123
0.000107
0.02353
0.000123
0.000138
0.023728
0.000123
0.000107
0.023758
0.000138
0.000123
0.023728
0.000123
0.000107
0.023774
0.000107
0.000123
0.023758
0.000107
0.000123
0.023743
0.000123
0.071915
0.000123
0.023804
0.000138
0.000123
0.023743
0.000123
0.000107
0.023743
0.000123
0.000138
0.024903
0.000138
0.000107
0.022599
0.000138
0.000107
0.023743
0.000123
0.000123
0.023774
0.000138
0.000107
0.024491
0.000153
0.000107
0.023011
0.000138
0.000107
0.024643
0.000107
7.7e-05
0.022919
0.000138
9.2e-05
0.023728
0.096024
0.023881
0.000123
0.000123
0.033417
0.000123
0.000123
0.01825
0.000138
0.000107
0.019608
0.02417
0.023835
0.000123
0.000123
0.024308
0.000123
6.2e-05
0.02324
9.2e-05
7.7e-05
0.029679
0.000123
6.2e-05
0.017991
0.000153
0.000123
0.023774
0.000138
0.000123
0.023682
0.000153
0.000107
0.023697
0.000107
6.2e-05
0.023835
0.000138
0.000123
0.000123
0.000123
0.000138
0.000123
0.000107
0.000107
0.000107
0.000107
0.000107
0.000107
0.000107
0.000107
0.000107
0.000107
0.046769
0.000107
6.2e-05
9.2e-05
6.2e-05
7.7e-05
0.063569
0.000107
9.2e-05
7.7e-05
9.2e-05
0.000123
9.2e-05
0.000107
0.023377
9.2e-05
7.7e-05
0.023774
0.000107
7.7e-05
0.02385
0.000168
0.000107
0.023697
0.000138
0.000107
0.023728
0.000138
0.000107
0.023758
0.000153
0.000123
0.023697
0.000168
0.000123
0.023743
0.000168
0.000123
0.023682
0.000138
0.000123
0.023743
0.000107
6.2e-05
0.023804
0.000107
7.7e-05
0.023819
0.000107
7.7e-05
0.023819
9.2e-05
7.7e-05
0.023804
9.2e-05
7.7e-05
0.023804
0.000107
6.2e-05
0.02385
9.2e-05
7.7e-05
0.023835
9.2e-05
6.2e-05
0.023881
0.000184
0.000107
0.028275
0.000138
0.000123
0.019623
0.000138
0.000107
0.038254
0.000153
0.000123
0.008988
0.000184
0.000107
0.023499
0.000107
7.7e-05
0.023682
0.000138
0.000107
0.023804
0.000107
7.7e-05
0.023819
7.7e-05
9.2e-05
0.023804
0.000123
9.2e-05
0.023743
9.2e-05
7.7e-05
0.023865
9.2e-05
0.000107
0.023743
0.000107
7.7e-05
0.02385
0.000168
0.000107
0.023667
9.2e-05
7.7e-05
0.023835
9.2e-05
7.7e-05
0.023835
9.2e-05
7.7e-05
0.023804
7.7e-05
7.7e-05
0.02385
9.2e-05
7.7e-05
0.023804
9.2e-05
6.2e-05
0.02385
7.7e-05
7.7e-05
0.02385
9.2e-05
7.7e-05
0.023819
9.2e-05
7.7e-05
0.023881
0.000123
6.2e-05
0.023758
0.000123
7.7e-05
0.023911
0.000138
9.2e-05
0.023819
0.000184
0.000123
0.02356
9.2e-05
7.7e-05
0.023789
0.000107
7.7e-05
0.023774
9.2e-05
7.7e-05
0.023865
0.000107
6.2e-05
0.023758
0.000168
7.7e-05
0.023743
0.000107
7.7e-05
0.023819
9.2e-05
6.2e-05
0.023881
0.000138
0.000107
0.023758
0.000107
7.7e-05
0.023789
0.000107
7.7e-05
0.023789
9.2e-05
7.7e-05
0.023865
9.2e-05
6.2e-05
0.023789
0.000107
6.2e-05
0.023865
0.000138
7.7e-05
0.023758
0.000107
6.2e-05
0.023926
0.000138
0.000107
0.023728
0.000123
0.000107
0.023697
0.000107
0.000123
0.023789
0.000107
9.2e-05
0.023819
9.2e-05
7.7e-05
0.023758
0.000138
7.7e-05
0.023804
0.000123
0.000123
0.023728
0.000123
0.000107
0.023774
0.000123
7.7e-05
0.02385
0.000107
7.7e-05
0.023774
0.000107
7.7e-05
0.023774
0.000123
0.000107
0.023804
0.000107
0.000123
0.023758
0.000138
0.000107
0.023697
9.2e-05
7.7e-05
0.02385
9.2e-05
7.7e-05
0.023789
9.2e-05
7.7e-05
0.02385
0.000107
7.7e-05
0.023804
9.2e-05
6.2e-05
0.023819
9.2e-05
7.7e-05
0.02385
7.7e-05
7.7e-05
0.023819
7.7e-05
7.7e-05
0.023819
9.2e-05
6.2e-05
0.02385
9.2e-05
7.7e-05
0.02385
9.2e-05
7.7e-05
0.023835
0.000107
7.7e-05
0.023774
9.2e-05
7.7e-05
0.023819
9.2e-05
0.000107
0.023774
0.000153
0.000107
0.000123
7.7e-05
9.2e-05
7.7e-05
7.7e-05
7.7e-05
7.7e-05
9.2e-05
7.7e-05
7.7e-05
7.7e-05
9.2e-05
0.000123
0.000123
9.2e-05
0.000123
7.7e-05
7.7e-05
7.7e-05
6.2e-05
7.7e-05
7.7e-05
6.2e-05
7.7e-05
0.047898
0.000107
7.7e-05
7.7e-05
7.7e-05
7.7e-05
0.063569
0.000123
0.000107
0.000107
0.000107
0.000107
0.000107
0.000123
0.097504
0.000123
0.000107
0.000123
0.000107
0.000107
0.000107
0.000107
0.000107
0.000107
0.000107
0.01262
0.000153
0.000107
0.023697
0.000123
0.000123
0.023743
0.000199
0.000107
0.023697
0.000138
0.000107
0.023743
0.000123
0.000107
0.023697
0.000107
7.7e-05
0.023835
9.2e-05
9.2e-05
0.023804
9.2e-05
7.7e-05
0.023819
7.7e-05
7.7e-05
0.023835
9.2e-05
6.2e-05
0.023865
0.000107
7.7e-05
0.023789
0.000138
7.7e-05
0.023819
0.000153
0.000107
0.023667
0.000138
9.2e-05
0.023804
9.2e-05
7.7e-05
0.023774
9.2e-05
7.7e-05
0.023865
0.000138
0.000107
0.023728
0.000123
6.2e-05
0.023774
0.000107
6.2e-05
0.02385
9.2e-05
7.7e-05
0.023835
0.000107
7.7e-05
0.023819
9.2e-05
9.2e-05
0.023835
0.000107
7.7e-05
0.023774
0.000153
7.7e-05
0.026124
0.000153
0.000107
0.02266
0.000153
0.000123
0.022431
0.000138
0.000107
0.023743
0.000153
0.000123
0.023728
0.000123
9.2e-05
0.023819
0.000107
7.7e-05
0.023758
0.000138
7.7e-05
0.023758
9.2e-05
7.7e-05
0.023804
0.000153
0.000123
0.023743
0.000107
7.7e-05
0.023728
0.000107
7.7e-05
0.023819
0.000107
7.7e-05
0.023789
9.2e-05
7.7e-05
0.023819
0.000107
9.2e-05
0.023758
0.000107
7.7e-05
0.023835
0.000107
7.7e-05
0.02385
0.000123
0.000138
0.023758
0.000168
0.000107
0.023682
0.000138
6.2e-05
0.02385
0.000168
0.000107
0.023728
9.2e-05
7.7e-05
0.023713
9.2e-05
7.7e-05
0.02385
9.2e-05
7.7e-05
0.023789
9.2e-05
7.7e-05
0.023835
9.2e-05
7.7e-05
0.02385
0.000107
7.7e-05
0.023774
9.2e-05
9.2e-05
0.023819
9.2e-05
6.2e-05
0.023835
9.2e-05
7.7e-05
0.023804
0.000107
6.2e-05
0.023865
0.000153
7.7e-05
0.023713
0.000107
7.7e-05
0.023835
0.000123
9.2e-05
0.023835
9.2e-05
9.2e-05
0.023713
9.2e-05
7.7e-05
0.023804
7.7e-05
0.000107
0.023835
0.000184
9.2e-05
0.023697
9.2e-05
7.7e-05
0.02385
0.000107
9.2e-05
0.023819
0.000123
0.000107
0.023743
0.000153
7.7e-05
0.023774
0.000107
7.7e-05
0.023774
0.000107
9.2e-05
0.023774
9.2e-05
7.7e-05
