1001000	1692205056	0 0 0 0 0 0 0 0 0 0
1001000	1692794880	0 0 0 0 0 0 0 0 0 0
1001000	1693384704	0 0 0 0 0 0 0 0 0 0
1001000	1795162112	0 0 0 0 0 0 0 0 0 0
1001000	1795620864	0 0 0 0 0 0 0 0 0 0
1001000	1796014080	0 0 0 0 0 0 0 0 0 0
1001000	1898119168	0 0 0 0 0 0 0 0 0 0
1001000	1898643456	0 0 0 0 0 0 0 0 0 0
1001000	1899036672	0 0 0 0 0 0 0 0 0 0
1001000	2001141760	0 0 0 0 0 0 0 0 0 0
1001000	2001666048	0 0 0 0 0 0 0 0 0 0
1001000	2002255872	0 0 0 0 0 0 0 0 0 0
1001000	2104229888	0 0 0 0 0 0 0 0 0 0
1001000	2104754176	0 0 0 0 0 0 0 0 0 0
1001000	2105081856	0 0 0 0 0 0 0 0 0 0
1001000	2207121408	0 0 0 0 0 0 0 0 0 0
1001000	2207514624	0 0 0 0 0 0 0 0 0 0
1001000	2207842304	0 0 0 0 0 0 0 0 0 0
1001000	2310209536	0 0 0 0 0 0 0 0 0 0
1001000	2310799360	0 0 0 0 0 0 0 0 0 0
1001000	2311323648	0 0 0 0 0 0 0 0 0 0
1001000	2413428736	0 0 0 0 0 0 0 0 0 0
1001000	2413887488	0 0 0 0 0 0 0 0 0 0
1001000	2414346240	0 0 0 0 0 0 0 0 0 0
1001000	2516320256	0 0 0 0 0 0 0 0 0 0
1001000	2516844544	0 0 0 0 0 0 0 0 0 0
1001000	2517303296	0 0 0 0 0 0 0 0 0 0
1001000	2619408384	0 0 0 0 0 0 0 0 0 0
1001000	2619801600	0 0 0 0 0 0 0 0 0 0
1001000	2620129280	0 0 0 0 0 0 0 0 0 0
1001000	2722430976	0 0 0 0 0 0 0 0 0 0
1001000	2722824192	0 0 0 0 0 0 0 0 0 0
1001000	2723151872	0 0 0 0 0 0 0 0 0 0
1001000	2825650176	0 0 0 0 0 0 0 0 0 0
1001000	2826371072	0 0 0 0 0 0 0 0 0 0
1001000	2826764288	0 0 0 0 0 0 0 0 0 0
1001000	2928476160	0 0 0 0 0 0 0 0 0 0
1001000	2928934912	0 0 0 0 0 0 0 0 0 0
1001000	2929393664	0 0 0 0 0 0 0 0 0 0
1001000	3031498752	0 0 0 0 0 0 0 0 0 0
1001000	3031957504	0 0 0 0 0 0 0 0 0 0
1001000	3032416256	0 0 0 0 0 0 0 0 0 0
1001000	3134652416	0 0 0 0 0 0 0 0 0 0
1001000	3135176704	0 0 0 0 0 0 0 0 0 0
1001000	3135569920	0 0 0 0 0 0 0 0 0 0
1001000	3237675008	0 0 0 0 0 0 0 0 0 0
1001000	3238199296	0 0 0 0 0 0 0 0 0 0
1001000	3238592512	0 0 0 0 0 0 0 0 0 0
1001000	3340763136	0 0 0 0 0 0 0 0 0 0
1001000	3341352960	0 0 0 0 0 0 0 0 0 0
1001000	3341746176	0 0 0 0 0 0 0 0 0 0
1001000	3443851264	0 0 0 0 0 0 0 0 0 0
1001000	3444375552	0 0 0 0 0 0 0 0 0 0
1001000	3444834304	0 0 0 0 0 0 0 0 0 0
1001000	3547070464	0 0 0 0 0 0 0 0 0 0
1001000	3547922432	0 0 0 0 0 0 0 0 0 0
1001000	3548381184	0 0 0 0 0 0 0 0 0 0
1001000	3649896448	0 0 0 0 0 0 0 0 0 0
1001000	3650355200	0 0 0 0 0 0 0 0 0 0
1001000	3650813952	0 0 0 0 0 0 0 0 0 0
1001000	3753312256	0 0 0 0 0 0 0 0 0 0
1001000	3753967616	0 0 0 0 0 0 0 0 0 0
1001000	3754360832	0 0 0 0 0 0 0 0 0 0
1001000	3855745024	0 0 0 0 0 0 0 0 0 0
1001000	3856269312	0 0 0 0 0 0 0 0 0 0
1001000	3856662528	0 0 0 0 0 0 0 0 0 0
1001000	3959160832	0 0 0 0 0 0 0 0 0 0
1001000	3959685120	0 0 0 0 0 0 0 0 0 0
1001000	3960078336	0 0 0 0 0 0 0 0 0 0
1001000	4061724672	0 0 0 0 0 0 0 0 0 0
1001000	4062248960	0 0 0 0 0 0 0 0 0 0
1001000	4062707712	0 0 0 0 0 0 0 0 0 0
1001001	41877504	0 0 0 0 0 0 0 0 0 0
1001001	42467328	0 0 0 0 0 0 0 0 0 0
1001001	42860544	0 0 0 0 0 0 0 0 0 0
1001001	43319296	0 0 0 0 0 0 0 0 0 0
1001001	43778048	0 0 0 0 0 0 0 0 0 0
1001001	44171264	0 0 0 0 0 0 0 0 0 0
1001001	44630016	0 0 0 0 0 0 0 0 0 0
1001001	45023232	0 0 0 0 0 0 0 0 0 0
1001001	488636416	0 0 0 0 0 0 0 0 0 0
1001001	489095168	0 0 0 0 0 0 0 0 0 0
1001001	489553920	0 0 0 0 0 0 0 0 0 0
1001001	489947136	0 0 0 0 0 0 0 0 0 0
1001001	490405888	0 0 0 0 0 0 0 0 0 0
1001001	490864640	0 0 0 0 0 0 0 0 0 0
1001001	491257856	0 0 0 0 0 0 0 0 0 0
1001001	491716608	0 0 0 0 0 0 0 0 0 0
1001001	492109824	0 0 0 0 0 0 0 0 0 0
1001001	492503040	0 0 0 0 0 0 0 0 0 0
1001001	492961792	0 0 0 0 0 0 0 0 0 0
1001001	493355008	0 0 0 0 0 0 0 0 0 0
1001001	698417152	0 0 0 0 0 0 0 0 0 0
1001001	698941440	0 0 0 0 0 0 0 0 0 0
1001001	699334656	0 0 0 0 0 0 0 0 0 0
1001001	699793408	0 0 0 0 0 0 0 0 0 0
1001001	700186624	0 0 0 0 0 0 0 0 0 0
1001001	700645376	0 0 0 0 0 0 0 0 0 0
1001001	973144064	0 0 0 0 0 0 0 0 0 0
1001001	973733888	0 0 0 0 0 0 0 0 0 0
1001001	974192640	0 0 0 0 0 0 0 0 0 0
1001001	974585856	0 0 0 0 0 0 0 0 0 0
1001001	975044608	0 0 0 0 0 0 0 0 0 0
1001001	975437824	0 0 0 0 0 0 0 0 0 0
1001001	975896576	0 0 0 0 0 0 0 0 0 0
1001001	976289792	0 0 0 0 0 0 0 0 0 0
1001001	1076559872	0 0 0 0 0 0 0 0 0 0
1001001	1077215232	0 0 0 0 0 0 0 0 0 0
1001001	1077739520	0 0 0 0 0 0 0 0 0 0
1001001	1179385856	0 0 0 0 0 0 0 0 0 0
1001001	1179975680	0 0 0 0 0 0 0 0 0 0
1001001	1180368896	0 0 0 0 0 0 0 0 0 0
1001001	1282211840	0 0 0 0 0 0 0 0 0 0
1001001	1282736128	0 0 0 0 0 0 0 0 0 0
1001001	1283260416	0 0 0 0 0 0 0 0 0 0
1001001	1385299968	0 0 0 0 0 0 0 0 0 0
1001001	1385824256	0 0 0 0 0 0 0 0 0 0
1001001	1386217472	0 0 0 0 0 0 0 0 0 0
1001001	1488322560	0 0 0 0 0 0 0 0 0 0
1001001	1488781312	0 0 0 0 0 0 0 0 0 0
1001001	1489174528	0 0 0 0 0 0 0 0 0 0
1001001	1591279616	0 0 0 0 0 0 0 0 0 0
1001001	1591869440	0 0 0 0 0 0 0 0 0 0
1001001	1592328192	0 0 0 0 0 0 0 0 0 0
1001001	1694302208	0 0 0 0 0 0 0 0 0 0
1001001	1694957568	0 0 0 0 0 0 0 0 0 0
1001001	1695416320	0 0 0 0 0 0 0 0 0 0
1001001	1797390336	0 0 0 0 0 0 0 0 0 0
1001001	1797849088	0 0 0 0 0 0 0 0 0 0
1001001	1798242304	0 0 0 0 0 0 0 0 0 0
1001001	1900347392	0 0 0 0 0 0 0 0 0 0
1001001	1900806144	0 0 0 0 0 0 0 0 0 0
1001001	1901264896	0 0 0 0 0 0 0 0 0 0
1001001	2003435520	0 0 0 0 0 0 0 0 0 0
1001001	2003894272	0 0 0 0 0 0 0 0 0 0
1001001	2004353024	0 0 0 0 0 0 0 0 0 0
1001001	2106523648	0 0 0 0 0 0 0 0 0 0
1001001	2107113472	0 0 0 0 0 0 0 0 0 0
1001001	2107572224	0 0 0 0 0 0 0 0 0 0
1001001	2209480704	0 0 0 0 0 0 0 0 0 0
1001001	2209939456	0 0 0 0 0 0 0 0 0 0
1001001	2210398208	0 0 0 0 0 0 0 0 0 0
1001001	2312503296	0 0 0 0 0 0 0 0 0 0
1001001	2312962048	0 0 0 0 0 0 0 0 0 0
1001001	2313420800	0 0 0 0 0 0 0 0 0 0
1001001	2415525888	0 0 0 0 0 0 0 0 0 0
1001001	2415984640	0 0 0 0 0 0 0 0 0 0
1001001	2416443392	0 0 0 0 0 0 0 0 0 0
1001001	2518548480	0 0 0 0 0 0 0 0 0 0
1001001	2519007232	0 0 0 0 0 0 0 0 0 0
1001001	2519465984	0 0 0 0 0 0 0 0 0 0
1001001	2621636608	0 0 0 0 0 0 0 0 0 0
1001001	2622160896	0 0 0 0 0 0 0 0 0 0
1001001	2622619648	0 0 0 0 0 0 0 0 0 0
1001001	2724659200	0 0 0 0 0 0 0 0 0 0
1001001	2725183488	0 0 0 0 0 0 0 0 0 0
1001001	2725642240	0 0 0 0 0 0 0 0 0 0
1001001	57606144	0 0 0 0 0 0 0 0 0 0
1001001	58064896	0 0 0 0 0 0 0 0 0 0
1001001	160366592	0 0 0 0 0 0 0 0 0 0
1001001	160956416	0 0 0 0 0 0 0 0 0 0
1001001	161415168	0 0 0 0 0 0 0 0 0 0
1001001	262733824	0 0 0 0 0 0 0 0 0 0
1001001	263323648	0 0 0 0 0 0 0 0 0 0
1001001	263782400	0 0 0 0 0 0 0 0 0 0
1001001	365821952	0 0 0 0 0 0 0 0 0 0
1001001	366280704	0 0 0 0 0 0 0 0 0 0
1001001	366673920	0 0 0 0 0 0 0 0 0 0
1001001	468779008	0 0 0 0 0 0 0 0 0 0
1001001	469237760	0 0 0 0 0 0 0 0 0 0
1001001	469696512	0 0 0 0 0 0 0 0 0 0
1001001	571998208	0 0 0 0 0 0 0 0 0 0
1001001	572653568	0 0 0 0 0 0 0 0 0 0
1001001	573112320	0 0 0 0 0 0 0 0 0 0
1001001	675020800	0 0 0 0 0 0 0 0 0 0
1001001	675545088	0 0 0 0 0 0 0 0 0 0
1001001	675938304	0 0 0 0 0 0 0 0 0 0
1001001	777912320	0 0 0 0 0 0 0 0 0 0
1001001	778371072	0 0 0 0 0 0 0 0 0 0
1001001	778764288	0 0 0 0 0 0 0 0 0 0
1001001	881065984	0 0 0 0 0 0 0 0 0 0
1001001	881590272	0 0 0 0 0 0 0 0 0 0
1001001	882049024	0 0 0 0 0 0 0 0 0 0
1001001	984023040	0 0 0 0 0 0 0 0 0 0
1001001	984612864	0 0 0 0 0 0 0 0 0 0
1001001	985137152	0 0 0 0 0 0 0 0 0 0
1001001	1087045632	0 0 0 0 0 0 0 0 0 0
1001001	1087635456	0 0 0 0 0 0 0 0 0 0
1001001	1088225280	0 0 0 0 0 0 0 0 0 0
1001001	1190002688	0 0 0 0 0 0 0 0 0 0
1001001	1190526976	0 0 0 0 0 0 0 0 0 0
1001001	1190920192	0 0 0 0 0 0 0 0 0 0
1001001	1293090816	0 0 0 0 0 0 0 0 0 0
1001001	1293549568	0 0 0 0 0 0 0 0 0 0
1001001	1293942784	0 0 0 0 0 0 0 0 0 0
1001001	1396113408	0 0 0 0 0 0 0 0 0 0
1001001	1396703232	0 0 0 0 0 0 0 0 0 0
1001001	1397096448	0 0 0 0 0 0 0 0 0 0
1001001	1499267072	0 0 0 0 0 0 0 0 0 0
1001001	1499856896	0 0 0 0 0 0 0 0 0 0
1001001	1500250112	0 0 0 0 0 0 0 0 0 0
1001001	1602289664	0 0 0 0 0 0 0 0 0 0
1001001	1602879488	0 0 0 0 0 0 0 0 0 0
1001001	1603338240	0 0 0 0 0 0 0 0 0 0
1001001	1705312256	0 0 0 0 0 0 0 0 0 0
1001001	1705902080	0 0 0 0 0 0 0 0 0 0
1001001	1706360832	0 0 0 0 0 0 0 0 0 0
1001001	1808269312	0 0 0 0 0 0 0 0 0 0
1001001	1808793600	0 0 0 0 0 0 0 0 0 0
1001001	1809252352	0 0 0 0 0 0 0 0 0 0
1001001	1911291904	0 0 0 0 0 0 0 0 0 0
1001001	1911947264	0 0 0 0 0 0 0 0 0 0
1001001	1912471552	0 0 0 0 0 0 0 0 0 0
1001001	2014380032	0 0 0 0 0 0 0 0 0 0
1001001	2014904320	0 0 0 0 0 0 0 0 0 0
1001001	2015363072	0 0 0 0 0 0 0 0 0 0
1001001	2117337088	0 0 0 0 0 0 0 0 0 0
1001001	2117861376	0 0 0 0 0 0 0 0 0 0
1001001	2118320128	0 0 0 0 0 0 0 0 0 0
1001001	2220294144	0 0 0 0 0 0 0 0 0 0
1001001	2220818432	0 0 0 0 0 0 0 0 0 0
1001001	2221277184	0 0 0 0 0 0 0 0 0 0
1001001	2323382272	0 0 0 0 0 0 0 0 0 0
1001001	2324037632	0 0 0 0 0 0 0 0 0 0
1001001	2324561920	0 0 0 0 0 0 0 0 0 0
1001001	2426339328	0 0 0 0 0 0 0 0 0 0
1001001	2426798080	0 0 0 0 0 0 0 0 0 0
1001001	2427256832	0 0 0 0 0 0 0 0 0 0
1001001	2529296384	0 0 0 0 0 0 0 0 0 0
1001001	2529755136	0 0 0 0 0 0 0 0 0 0
1001001	2530148352	0 0 0 0 0 0 0 0 0 0
1001001	2632253440	0 0 0 0 0 0 0 0 0 0
1001001	2632777728	0 0 0 0 0 0 0 0 0 0
1001001	2633236480	0 0 0 0 0 0 0 0 0 0
1001001	2735276032	0 0 0 0 0 0 0 0 0 0
1001001	2735734784	0 0 0 0 0 0 0 0 0 0
1001001	2736193536	0 0 0 0 0 0 0 0 0 0
1001001	2838429696	0 0 0 0 0 0 0 0 0 0
1001001	2838888448	0 0 0 0 0 0 0 0 0 0
1001001	2839347200	0 0 0 0 0 0 0 0 0 0
1001001	2941386752	0 0 0 0 0 0 0 0 0 0
1001001	2941845504	0 0 0 0 0 0 0 0 0 0
1001001	2942304256	0 0 0 0 0 0 0 0 0 0
1001001	3044343808	0 0 0 0 0 0 0 0 0 0
1001001	3044802560	0 0 0 0 0 0 0 0 0 0
1001001	3045326848	0 0 0 0 0 0 0 0 0 0
1001001	3147759616	0 0 0 0 0 0 0 0 0 0
1001001	3148349440	0 0 0 0 0 0 0 0 0 0
1001001	3148808192	0 0 0 0 0 0 0 0 0 0
1001001	3250651136	0 0 0 0 0 0 0 0 0 0
1001001	3251240960	0 0 0 0 0 0 0 0 0 0
1001001	3251765248	0 0 0 0 0 0 0 0 0 0
1001001	3353477120	0 0 0 0 0 0 0 0 0 0
1001001	3353935872	0 0 0 0 0 0 0 0 0 0
1001001	3354394624	0 0 0 0 0 0 0 0 0 0
1001001	3456827392	0 0 0 0 0 0 0 0 0 0
1001001	3457351680	0 0 0 0 0 0 0 0 0 0
1001001	3457810432	0 0 0 0 0 0 0 0 0 0
1001001	3559653376	0 0 0 0 0 0 0 0 0 0
1001001	3560112128	0 0 0 0 0 0 0 0 0 0
1001001	3560505344	0 0 0 0 0 0 0 0 0 0
1001001	3662610432	0 0 0 0 0 0 0 0 0 0
1001001	3663069184	0 0 0 0 0 0 0 0 0 0
1001001	3663527936	0 0 0 0 0 0 0 0 0 0
1001001	3765567488	0 0 0 0 0 0 0 0 0 0
1001001	3766026240	0 0 0 0 0 0 0 0 0 0
1001001	3766484992	0 0 0 0 0 0 0 0 0 0
1001001	3868721152	0 0 0 0 0 0 0 0 0 0
1001001	3869310976	0 0 0 0 0 0 0 0 0 0
1001001	3869769728	0 0 0 0 0 0 0 0 0 0
1001001	3971743744	0 0 0 0 0 0 0 0 0 0
1001001	3972202496	0 0 0 0 0 0 0 0 0 0
1001001	3972661248	0 0 0 0 0 0 0 0 0 0
1001001	4074831872	0 0 0 0 0 0 0 0 0 0
1001001	4075356160	0 0 0 0 0 0 0 0 0 0
1001001	4075814912	0 0 0 0 0 0 0 0 0 0
1001001	4177788928	0 0 0 0 0 0 0 0 0 0
1001001	4178313216	0 0 0 0 0 0 0 0 0 0
1001001	4178771968	0 0 0 0 0 0 0 0 0 0
1001001	4280877056	0 0 0 0 0 0 0 0 0 0
1001001	4281401344	0 0 0 0 0 0 0 0 0 0
1001001	4281794560	0 0 0 0 0 0 0 0 0 0
1001002	88932352	0 0 0 0 0 0 0 0 0 0
1001002	89391104	0 0 0 0 0 0 0 0 0 0
1001002	89849856	0 0 0 0 0 0 0 0 0 0
1001002	192086016	0 0 0 0 0 0 0 0 0 0
1001002	192675840	0 0 0 0 0 0 0 0 0 0
1001002	193069056	0 0 0 0 0 0 0 0 0 0
1001002	294977536	0 0 0 0 0 0 0 0 0 0
1001002	295698432	0 0 0 0 0 0 0 0 0 0
1001002	296157184	0 0 0 0 0 0 0 0 0 0
1001002	398065664	0 0 0 0 0 0 0 0 0 0
1001002	398524416	0 0 0 0 0 0 0 0 0 0
1001002	398917632	0 0 0 0 0 0 0 0 0 0
1001002	501284864	0 0 0 0 0 0 0 0 0 0
1001002	501874688	0 0 0 0 0 0 0 0 0 0
1001002	502333440	0 0 0 0 0 0 0 0 0 0
1001002	604307456	0 0 0 0 0 0 0 0 0 0
1001002	604831744	0 0 0 0 0 0 0 0 0 0
1001002	605224960	0 0 0 0 0 0 0 0 0 0
1001002	707330048	0 0 0 0 0 0 0 0 0 0
1001002	707788800	0 0 0 0 0 0 0 0 0 0
1001002	708247552	0 0 0 0 0 0 0 0 0 0
1001002	810352640	0 0 0 0 0 0 0 0 0 0
1001002	810876928	0 0 0 0 0 0 0 0 0 0
1001002	811335680	0 0 0 0 0 0 0 0 0 0
1001002	913375232	0 0 0 0 0 0 0 0 0 0
1001002	913833984	0 0 0 0 0 0 0 0 0 0
1001002	914292736	0 0 0 0 0 0 0 0 0 0
1001002	1016266752	0 0 0 0 0 0 0 0 0 0
1001002	1016791040	0 0 0 0 0 0 0 0 0 0
1001002	1017315328	0 0 0 0 0 0 0 0 0 0
1001002	1119682560	0 0 0 0 0 0 0 0 0 0
1001002	1120141312	0 0 0 0 0 0 0 0 0 0
1001002	1120600064	0 0 0 0 0 0 0 0 0 0
1001002	1222311936	0 0 0 0 0 0 0 0 0 0
1001002	1222770688	0 0 0 0 0 0 0 0 0 0
1001002	1223229440	0 0 0 0 0 0 0 0 0 0
1001002	1325400064	0 0 0 0 0 0 0 0 0 0
1001002	1325924352	0 0 0 0 0 0 0 0 0 0
1001002	1326383104	0 0 0 0 0 0 0 0 0 0
1001002	1428488192	0 0 0 0 0 0 0 0 0 0
1001002	1429078016	0 0 0 0 0 0 0 0 0 0
1001002	1429471232	0 0 0 0 0 0 0 0 0 0
1001002	1531510784	0 0 0 0 0 0 0 0 0 0
1001002	1532035072	0 0 0 0 0 0 0 0 0 0
1001002	1532428288	0 0 0 0 0 0 0 0 0 0
1001002	1806303232	0 0 0 0 0 0 0 0 0 0
1001002	1806827520	0 0 0 0 0 0 0 0 0 0
1001002	1807286272	0 0 0 0 0 0 0 0 0 0
1001002	1807679488	0 0 0 0 0 0 0 0 0 0
1001002	1808138240	0 0 0 0 0 0 0 0 0 0
1001002	1808531456	0 0 0 0 0 0 0 0 0 0
1001002	1808990208	0 0 0 0 0 0 0 0 0 0
1001002	1809383424	0 0 0 0 0 0 0 0 0 0
1001002	2016542720	0 0 0 0 0 0 0 0 0 0
1001002	2017067008	0 0 0 0 0 0 0 0 0 0
1001002	2017460224	0 0 0 0 0 0 0 0 0 0
1001002	2017918976	0 0 0 0 0 0 0 0 0 0
1001002	2018377728	0 0 0 0 0 0 0 0 0 0
1001002	2018836480	0 0 0 0 0 0 0 0 0 0
1001002	2252603392	0 0 0 0 0 0 0 0 0 0
1001002	2253062144	0 0 0 0 0 0 0 0 0 0
1001002	2253520896	0 0 0 0 0 0 0 0 0 0
1001002	2253979648	0 0 0 0 0 0 0 0 0 0
1001002	2254372864	0 0 0 0 0 0 0 0 0 0
1001002	2254831616	0 0 0 0 0 0 0 0 0 0
1001002	2255290368	0 0 0 0 0 0 0 0 0 0
1001002	2462973952	0 0 0 0 0 0 0 0 0 0
1001002	2463498240	0 0 0 0 0 0 0 0 0 0
1001002	2463956992	0 0 0 0 0 0 0 0 0 0
1001002	2464350208	0 0 0 0 0 0 0 0 0 0
1001002	2464808960	0 0 0 0 0 0 0 0 0 0
1001002	2465202176	0 0 0 0 0 0 0 0 0 0
1001002	2566062080	0 0 0 0 0 0 0 0 0 0
1001002	2566651904	0 0 0 0 0 0 0 0 0 0
1001002	2567045120	0 0 0 0 0 0 0 0 0 0
1001002	2668953600	0 0 0 0 0 0 0 0 0 0
1001002	2669543424	0 0 0 0 0 0 0 0 0 0
1001002	2670002176	0 0 0 0 0 0 0 0 0 0
1001002	2772041728	0 0 0 0 0 0 0 0 0 0
1001002	2772697088	0 0 0 0 0 0 0 0 0 0
1001002	2773221376	0 0 0 0 0 0 0 0 0 0
1001002	2875195392	0 0 0 0 0 0 0 0 0 0
1001002	2875850752	0 0 0 0 0 0 0 0 0 0
1001002	2876375040	0 0 0 0 0 0 0 0 0 0
1001002	2978152448	0 0 0 0 0 0 0 0 0 0
1001002	2978676736	0 0 0 0 0 0 0 0 0 0
1001002	2979135488	0 0 0 0 0 0 0 0 0 0
1001002	3081109504	0 0 0 0 0 0 0 0 0 0
1001002	3081699328	0 0 0 0 0 0 0 0 0 0
1001002	3082092544	0 0 0 0 0 0 0 0 0 0
1001002	3184001024	0 0 0 0 0 0 0 0 0 0
1001002	3184656384	0 0 0 0 0 0 0 0 0 0
1001002	3185115136	0 0 0 0 0 0 0 0 0 0
1001002	3287351296	0 0 0 0 0 0 0 0 0 0
1001002	3288006656	0 0 0 0 0 0 0 0 0 0
1001002	3288465408	0 0 0 0 0 0 0 0 0 0
1001002	3390046208	0 0 0 0 0 0 0 0 0 0
1001002	3390504960	0 0 0 0 0 0 0 0 0 0
1001002	3390963712	0 0 0 0 0 0 0 0 0 0
1001002	3493134336	0 0 0 0 0 0 0 0 0 0
1001002	3493658624	0 0 0 0 0 0 0 0 0 0
1001002	3494182912	0 0 0 0 0 0 0 0 0 0
1001002	3596091392	0 0 0 0 0 0 0 0 0 0
1001002	3596550144	0 0 0 0 0 0 0 0 0 0
1001002	3597008896	0 0 0 0 0 0 0 0 0 0
1001002	3699179520	0 0 0 0 0 0 0 0 0 0
1001002	3699638272	0 0 0 0 0 0 0 0 0 0
1001002	3700031488	0 0 0 0 0 0 0 0 0 0
1001002	3802202112	0 0 0 0 0 0 0 0 0 0
1001002	3802791936	0 0 0 0 0 0 0 0 0 0
1001002	3803250688	0 0 0 0 0 0 0 0 0 0
1001002	3905224704	0 0 0 0 0 0 0 0 0 0
1001002	3905683456	0 0 0 0 0 0 0 0 0 0
1001002	3906142208	0 0 0 0 0 0 0 0 0 0
1001002	4008312832	0 0 0 0 0 0 0 0 0 0
1001002	4008706048	0 0 0 0 0 0 0 0 0 0
1001002	4009164800	0 0 0 0 0 0 0 0 0 0
1001002	4111269888	0 0 0 0 0 0 0 0 0 0
1001002	4111794176	0 0 0 0 0 0 0 0 0 0
1001002	4112252928	0 0 0 0 0 0 0 0 0 0
1001002	4214292480	0 0 0 0 0 0 0 0 0 0
1001002	4214751232	0 0 0 0 0 0 0 0 0 0
1001002	4215144448	0 0 0 0 0 0 0 0 0 0
1001003	22937600	0 0 0 0 0 0 0 0 0 0
1001003	23658496	0 0 0 0 0 0 0 0 0 0
1001003	24248320	0 0 0 0 0 0 0 0 0 0
1001003	125435904	0 0 0 0 0 0 0 0 0 0
1001003	125894656	0 0 0 0 0 0 0 0 0 0
1001003	126353408	0 0 0 0 0 0 0 0 0 0
1001003	228589568	0 0 0 0 0 0 0 0 0 0
1001003	229113856	0 0 0 0 0 0 0 0 0 0
1001003	229572608	0 0 0 0 0 0 0 0 0 0
1001003	331481088	0 0 0 0 0 0 0 0 0 0
1001003	331939840	0 0 0 0 0 0 0 0 0 0
1001003	332398592	0 0 0 0 0 0 0 0 0 0
1001003	434503680	0 0 0 0 0 0 0 0 0 0
1001003	435027968	0 0 0 0 0 0 0 0 0 0
1001003	435486720	0 0 0 0 0 0 0 0 0 0
1001003	537591808	0 0 0 0 0 0 0 0 0 0
1001003	538116096	0 0 0 0 0 0 0 0 0 0
1001003	538574848	0 0 0 0 0 0 0 0 0 0
1001003	640876544	0 0 0 0 0 0 0 0 0 0
1001003	641400832	0 0 0 0 0 0 0 0 0 0
1001003	641925120	0 0 0 0 0 0 0 0 0 0
1001003	743636992	0 0 0 0 0 0 0 0 0 0
1001003	744095744	0 0 0 0 0 0 0 0 0 0
1001003	744554496	0 0 0 0 0 0 0 0 0 0
1001003	846659584	0 0 0 0 0 0 0 0 0 0
1001003	847118336	0 0 0 0 0 0 0 0 0 0
1001003	847511552	0 0 0 0 0 0 0 0 0 0
1001003	949682176	0 0 0 0 0 0 0 0 0 0
1001003	950206464	0 0 0 0 0 0 0 0 0 0
1001003	950665216	0 0 0 0 0 0 0 0 0 0
1001003	1052835840	0 0 0 0 0 0 0 0 0 0
1001003	1053425664	0 0 0 0 0 0 0 0 0 0
1001003	1054015488	0 0 0 0 0 0 0 0 0 0
1001003	1155727360	0 0 0 0 0 0 0 0 0 0
1001003	1156251648	0 0 0 0 0 0 0 0 0 0
1001003	1156644864	0 0 0 0 0 0 0 0 0 0
1001003	1258749952	0 0 0 0 0 0 0 0 0 0
1001003	1259208704	0 0 0 0 0 0 0 0 0 0
1001003	1259601920	0 0 0 0 0 0 0 0 0 0
1001003	1361772544	0 0 0 0 0 0 0 0 0 0
1001003	1362231296	0 0 0 0 0 0 0 0 0 0
1001003	1362690048	0 0 0 0 0 0 0 0 0 0
1001003	1464926208	0 0 0 0 0 0 0 0 0 0
1001003	1465450496	0 0 0 0 0 0 0 0 0 0
1001003	1465909248	0 0 0 0 0 0 0 0 0 0
1001003	1567948800	0 0 0 0 0 0 0 0 0 0
1001003	1568407552	0 0 0 0 0 0 0 0 0 0
1001003	1568866304	0 0 0 0 0 0 0 0 0 0
1001003	1670905856	0 0 0 0 0 0 0 0 0 0
1001003	1671430144	0 0 0 0 0 0 0 0 0 0
1001003	1671888896	0 0 0 0 0 0 0 0 0 0
1001003	1773862912	0 0 0 0 0 0 0 0 0 0
1001003	1774321664	0 0 0 0 0 0 0 0 0 0
1001003	1774780416	0 0 0 0 0 0 0 0 0 0
1001003	1876885504	0 0 0 0 0 0 0 0 0 0
1001003	1877409792	0 0 0 0 0 0 0 0 0 0
1001003	1877868544	0 0 0 0 0 0 0 0 0 0
1001003	1979973632	0 0 0 0 0 0 0 0 0 0
1001003	1980497920	0 0 0 0 0 0 0 0 0 0
1001003	1980956672	0 0 0 0 0 0 0 0 0 0
1001003	2082996224	0 0 0 0 0 0 0 0 0 0
1001003	2083782656	0 0 0 0 0 0 0 0 0 0
1001003	2084372480	0 0 0 0 0 0 0 0 0 0
1001003	2186084352	0 0 0 0 0 0 0 0 0 0
1001003	2186608640	0 0 0 0 0 0 0 0 0 0
1001003	2187001856	0 0 0 0 0 0 0 0 0 0
1001003	2289041408	0 0 0 0 0 0 0 0 0 0
1001003	2289500160	0 0 0 0 0 0 0 0 0 0
1001003	2289958912	0 0 0 0 0 0 0 0 0 0
1001003	2392064000	0 0 0 0 0 0 0 0 0 0
1001003	2392653824	0 0 0 0 0 0 0 0 0 0
1001003	2393047040	0 0 0 0 0 0 0 0 0 0
1001003	2495152128	0 0 0 0 0 0 0 0 0 0
1001003	2495610880	0 0 0 0 0 0 0 0 0 0
1001003	2496069632	0 0 0 0 0 0 0 0 0 0
1001003	2598174720	0 0 0 0 0 0 0 0 0 0
1001003	2598699008	0 0 0 0 0 0 0 0 0 0
1001003	2599157760	0 0 0 0 0 0 0 0 0 0
1001003	2701131776	0 0 0 0 0 0 0 0 0 0
1001003	2701590528	0 0 0 0 0 0 0 0 0 0
1001003	2702049280	0 0 0 0 0 0 0 0 0 0
1001003	2804219904	0 0 0 0 0 0 0 0 0 0
1001003	2804678656	0 0 0 0 0 0 0 0 0 0
1001003	2805137408	0 0 0 0 0 0 0 0 0 0
1001003	2907242496	0 0 0 0 0 0 0 0 0 0
1001003	2907766784	0 0 0 0 0 0 0 0 0 0
1001003	2908225536	0 0 0 0 0 0 0 0 0 0
1001003	3010199552	0 0 0 0 0 0 0 0 0 0
1001003	3010723840	0 0 0 0 0 0 0 0 0 0
1001003	3011182592	0 0 0 0 0 0 0 0 0 0
1001003	3113549824	0 0 0 0 0 0 0 0 0 0
1001003	3114205184	0 0 0 0 0 0 0 0 0 0
1001003	3114663936	0 0 0 0 0 0 0 0 0 0
1001003	3216375808	0 0 0 0 0 0 0 0 0 0
1001003	3216900096	0 0 0 0 0 0 0 0 0 0
1001003	3217358848	  0.00179511     0.999997 -3.30524e-06   0.00185509            0            0            0  0.000197183  7.08827e-05 -0.000277465
1001003	3319529472	  0.00179109     0.999997   2.4372e-05   0.00185239  0.000197183  7.08827e-05 -0.000277465            0            0            0
1001003	3319988224	  0.00179128     0.999997  2.42877e-05   0.00185249            0            0            0  0.000197183  7.08827e-05 -0.000277465
1001003	3320446976	  0.00179124     0.999997  2.42956e-05   0.00185244  0.000197183  7.08827e-05 -0.000277465            0            0            0
1001003	3422486528	  0.00179305     0.999997  5.03786e-05   0.00183176            0            0            0  0.000197183  7.08827e-05 -0.000277465
1001003	3422879744	  0.00179305     0.999997  5.03917e-05    0.0018318  0.000197183  7.08827e-05 -0.000277465            0            0            0
1001003	3423141888	  0.00179307     0.999997  5.03726e-05   0.00183177            0            0            0  0.000197183  7.08827e-05 -0.000277465
1001003	3525443584	  0.00180093     0.999997  7.82352e-05   0.00184935  0.000197183  7.08827e-05 -0.000277465            0            0            0
1001003	3525771264	  0.00180091     0.999997  7.82603e-05   0.00184934            0            0            0  0.000197183  7.08827e-05 -0.000277465
1001003	3526098944	  0.00180093     0.999997  7.82785e-05   0.00184931  0.000197183  7.08827e-05 -0.000277465            0            0            0
1001003	3628466176	  0.00179311     0.999997  8.10482e-05   0.00181892            0            0            0  0.000197183  7.08827e-05 -0.000277465
1001003	3628793856	  0.00179313     0.999997  8.10844e-05   0.00181887  0.000197183  7.08827e-05 -0.000277465            0            0            0
1001003	3629121536	  0.00179314     0.999997   8.1071e-05   0.00181892            0            0            0  0.000197183  7.08827e-05 -0.000277465
1001003	3731488768	  0.00179215     0.999997   9.8316e-05   0.00184734  0.000197183  7.08827e-05 -0.000277465            0            0            0
1001003	3731881984	   0.0017922     0.999997  9.82858e-05   0.00184731            0            0            0  0.000197183  7.08827e-05 -0.000277465
1001003	3732144128	   0.0017922     0.999997  9.82589e-05   0.00184735  0.000197183  7.08827e-05 -0.000277465            0            0            0
1001003	3834445824	  0.00181461     0.999997  0.000112538   0.00183154            0            0            0  0.000197183  7.08827e-05 -0.000277465
1001003	3834839040	   0.0018146     0.999997  0.000112569   0.00183141  0.000197183  7.08827e-05 -0.000277465            0            0            0
1001003	3835166720	  0.00181461     0.999997  0.000112525   0.00183144            0            0            0  0.000197183  7.08827e-05 -0.000277465
1001003	3937533952	  0.00183054     0.999997  0.000112071   0.00181462  0.000197183  7.08827e-05 -0.000277465            0            0            0
1001003	3937927168	  0.00183043     0.999997  0.000112167   0.00181465            0            0            0  0.000197183  7.08827e-05 -0.000277465
1001003	3938189312	  0.00183046     0.999997  0.000112177    0.0018147  0.000197183  7.08827e-05 -0.000277465            0            0            0
1001003	4040425472	  0.00183883     0.999997  0.000131091   0.00180394            0            0            0  0.000197183  7.08827e-05 -0.000277465
1001003	4041146368	  0.00183877     0.999997  0.000131104   0.00180404  0.000197183  7.08827e-05 -0.000277465            0            0            0
1001003	4041474048	   0.0018388     0.999997  0.000131062   0.00180404            0            0            0  0.000197183  7.08827e-05 -0.000277465
1001003	4143644672	  0.00185647     0.999997  0.000130726    0.0017732  0.000197183  7.08827e-05 -0.000277465            0            0            0
1001003	4144300032	  0.00185644     0.999997  0.000130803    0.0017732            0            0            0  0.000197183  7.08827e-05 -0.000277465
1001003	4144693248	  0.00185648     0.999997  0.000130764   0.00177315  0.000197183  7.08827e-05 -0.000277465            0            0            0
1001003	4247977984	  0.00186384     0.999997  0.000149946   0.00176968            0            0            0  0.000197183  7.08827e-05 -0.000277465
1001003	4248567808	  0.00186363     0.999997    0.0001498   0.00176971  0.000197183  7.08827e-05 -0.000277465            0            0            0
1001003	4249026560	  0.00186369     0.999997  0.000149765   0.00176966            0            0            0  0.000197183  7.08827e-05 -0.000277465
1001004	54591488	  0.00185042     0.999997  0.000153867   0.00178771  0.000197183  7.08827e-05 -0.000277465            0            0            0
1001004	55181312	   0.0018504     0.999997  0.000153929   0.00178761            0            0            0  0.000197183  7.08827e-05 -0.000277465
1001004	55640064	  0.00185026     0.999997  0.000153856    0.0017876  0.000197183  7.08827e-05 -0.000277465            0            0            0
1001004	157548544	  0.00186068     0.999997  0.000157701   0.00181638            0            0            0  0.000197183  7.08827e-05 -0.000277465
1001004	158072832	  0.00186065     0.999997  0.000157628    0.0018164  0.000197183  7.08827e-05 -0.000277465            0            0            0
1001004	158597120	  0.00186058     0.999997  0.000157697   0.00181631            0            0            0  0.000197183  7.08827e-05 -0.000277465
1001004	260702208	  0.00187795     0.999997   0.00015268   0.00183125  0.000197183  7.08827e-05 -0.000277465            0            0            0
1001004	261095424	  0.00187796     0.999997    0.0001527    0.0018313            0            0            0  0.000197183  7.08827e-05 -0.000277465
1001004	261423104	  0.00187786     0.999997  0.000152732   0.00183134  0.000197183  7.08827e-05 -0.000277465            0            0            0
1001004	363724800	  0.00186655     0.999997  0.000158934   0.00184816            0            0            0  0.000197183  7.08827e-05 -0.000277465
1001004	364118016	  0.00186661     0.999997  0.000158974    0.0018482  0.000197183  7.08827e-05 -0.000277465            0            0            0
1001004	364445696	  0.00186663     0.999997  0.000158975   0.00184829            0            0            0  0.000197183  7.08827e-05 -0.000277465
1001004	466747392	  0.00181902     0.999997  0.000176642   0.00185554  0.000197183  7.08827e-05 -0.000277465            0            0            0
1001004	467271680	  0.00181915     0.999997  0.000176662   0.00185549            0            0            0  0.000197183  7.08827e-05 -0.000277465
1001004	467599360	  0.00181911     0.999997  0.000176607   0.00185545  0.000197183  7.08827e-05 -0.000277465            0            0            0
1001004	569966592	  0.00182789     0.999997  0.000186445    0.0018579            0            0            0  0.000197183  7.08827e-05 -0.000277465
1001004	570359808	   0.0018279     0.999997  0.000186374   0.00185796  0.000197183  7.08827e-05 -0.000277465            0            0            0
1001004	570687488	  0.00182791     0.999997  0.000186381   0.00185807            0            0            0  0.000197183  7.08827e-05 -0.000277465
1001004	673120256	  0.00184438     0.999997   0.00016177   0.00183941  0.000197183  7.08827e-05 -0.000277465            0            0            0
1001004	673906688	   0.0018445     0.999997    0.0001617    0.0018395            0            0            0  0.000197183  7.08827e-05 -0.000277465
1001004	674299904	  0.00184455     0.999997  0.000161819   0.00183954  0.000197183  7.08827e-05 -0.000277465            0            0            0
1001004	776273920	  0.00183948     0.999997  0.000169803   0.00181872            0            0            0  0.000197183  7.08827e-05 -0.000277465
1001004	776798208	  0.00183969     0.999997  0.000169788   0.00181881  0.000197183  7.08827e-05 -0.000277465            0            0            0
1001004	777322496	  0.00183981     0.999997  0.000169638   0.00181881            0            0            0  0.000197183  7.08827e-05 -0.000277465
1001004	878903296	  0.00181455     0.999997  0.000192156   0.00181529  0.000197183  7.08827e-05 -0.000277465            0            0            0
1001004	879558656	  0.00181454     0.999997   0.00019219   0.00181542            0            0            0  0.000197183  7.08827e-05 -0.000277465
1001004	880017408	  0.00181463     0.999997  0.000192161   0.00181534  0.000197183  7.08827e-05 -0.000277465            0            0            0
1001004	981925888	  0.00181879     0.999997  0.000195249   0.00179629            0            0            0  0.000197183  7.08827e-05 -0.000277465
1001004	982450176	   0.0018187     0.999997  0.000195218   0.00179622  0.000197183  7.08827e-05 -0.000277465            0            0            0
1001004	983040000	  0.00181867     0.999997  0.000195259   0.00179624            0            0            0  0.000197183  7.08827e-05 -0.000277465
1001004	1085210624	  0.00184184     0.999997  0.000182823   0.00176297  0.000197183  7.08827e-05 -0.000277465            0            0            0
1001004	1085865984	  0.00184165     0.999997  0.000183067   0.00176295            0            0            0  0.000197183  7.08827e-05 -0.000277465
1001004	1086324736	  0.00184162     0.999997  0.000183076   0.00176308  0.000197183  7.08827e-05 -0.000277465            0            0            0
1001004	1187905536	  0.00183985     0.999997  0.000201317   0.00174818            0            0            0  0.000197183  7.08827e-05 -0.000277465
1001004	1188495360	   0.0018397     0.999997  0.000201446   0.00174818  0.000197183  7.08827e-05 -0.000277465            0            0            0
1001004	1189019648	   0.0018396     0.999997  0.000201506   0.00174793            0            0            0  0.000197183  7.08827e-05 -0.000277465
1001004	1291059200	   0.0018532     0.999997    0.0002022   0.00173822  0.000197183  7.08827e-05 -0.000277465            0            0            0
1001004	1291649024	  0.00185317     0.999997  0.000202359   0.00173828            0            0            0  0.000197183  7.08827e-05 -0.000277465
1001004	1292173312	  0.00185319     0.999997   0.00020228   0.00173836  0.000197183  7.08827e-05 -0.000277465            0            0            0
1001004	1565720576	  0.00185491     0.999997  0.000257834   0.00169249            0            0            0  0.000197183  7.08827e-05 -0.000277465
1001004	1566310400	   0.0018549     0.999997  0.000257757   0.00169253  0.000197183  7.08827e-05 -0.000277465            0            0            0
1001004	1566769152	  0.00185495     0.999997  0.000257726   0.00169257            0            0            0  0.000197183  7.08827e-05 -0.000277465
1001004	1567293440	  0.00185495     0.999997  0.000257664   0.00169276  0.000197183  7.08827e-05 -0.000277465            0            0            0
1001004	1567752192	  0.00185501     0.999997  0.000257618   0.00169273            0            0            0  0.000197183  7.08827e-05 -0.000277465
1001004	2012872704	   0.0019431     0.999997  0.000313706   0.00163835  0.000197183  7.08827e-05 -0.000277465            0            0            0
1001004	2013396992	  0.00194312     0.999997  0.000313647   0.00163836            0            0            0  0.000197183  7.08827e-05 -0.000277465
1001004	2014052352	  0.00194319     0.999997  0.000313706   0.00163827  0.000197183  7.08827e-05 -0.000277465            0            0            0
1001004	2014445568	   0.0019432     0.999997  0.000313704   0.00163829            0            0            0  0.000197183  7.08827e-05 -0.000277465
1001004	2014773248	  0.00194321     0.999997  0.000313735   0.00163823  0.000197183  7.08827e-05 -0.000277465            0            0            0
1001004	2222587904	  0.00195152     0.999997  0.000255281   0.00162033            0            0            0  0.000197183  7.08827e-05 -0.000277465
1001004	2223046656	  0.00195155     0.999997  0.000255305   0.00162038  0.000197183  7.08827e-05 -0.000277465            0            0            0
1001004	2223374336	  0.00195157     0.999997  0.000255359   0.00162049            0            0            0  0.000197183  7.08827e-05 -0.000277465
1001004	2223636480	  0.00195157     0.999997  0.000255378   0.00162057  0.000197183  7.08827e-05 -0.000277465            0            0            0
1001004	2223964160	  0.00195154     0.999997  0.000255394   0.00162055            0            0            0  0.000197183  7.08827e-05 -0.000277465
1001004	2497380352	  0.00196936     0.999997  0.000271888    0.0015678  0.000197183  7.08827e-05 -0.000277465            0            0            0
1001004	2498035712	  0.00196937     0.999997  0.000271949   0.00156782            0            0            0  0.000197183  7.08827e-05 -0.000277465
1001004	2498494464	  0.00196935     0.999997   0.00027198   0.00156767  0.000197183  7.08827e-05 -0.000277465            0            0            0
1001004	2498953216	  0.00196935     0.999997  0.000272009   0.00156762            0            0            0  0.000197183  7.08827e-05 -0.000277465
1001004	2499411968	   0.0019694     0.999997  0.000272076   0.00156751  0.000197183  7.08827e-05 -0.000277465            0            0            0
1001004	2600271872	  0.00200349     0.999997  0.000252018   0.00157893            0            0            0  0.000197183  7.08827e-05 -0.000277465
1001004	2600927232	   0.0020035     0.999997  0.000251953   0.00157886  0.000197183  7.08827e-05 -0.000277465            0            0            0
1001004	2601385984	  0.00200357     0.999997  0.000251855   0.00157896            0            0            0  0.000197183  7.08827e-05 -0.000277465
1001004	2703491072	  0.00198403     0.999997  0.000259949   0.00159722  0.000197183  7.08827e-05 -0.000277465            0            0            0
1001004	2704146432	  0.00198408     0.999997  0.000259802    0.0015972            0            0            0  0.000197183  7.08827e-05 -0.000277465
1001004	2704539648	  0.00198405     0.999997  0.000259707   0.00159729  0.000197183  7.08827e-05 -0.000277465            0            0            0
1001004	2806251520	   0.0019986     0.999997  0.000254851   0.00159637            0            0            0  0.000197183  7.08827e-05 -0.000277465
1001004	2806775808	   0.0019986     0.999997  0.000254944   0.00159642  0.000197183  7.08827e-05 -0.000277465            0            0            0
1001004	2807300096	   0.0019986     0.999997  0.000254887   0.00159644            0            0            0  0.000197183  7.08827e-05 -0.000277465
1001004	2909405184	  0.00198035     0.999997  0.000253936   0.00159242  0.000197183  7.08827e-05 -0.000277465            0            0            0
1001004	2909995008	   0.0019804     0.999997  0.000254069   0.00159232            0            0            0  0.000197183  7.08827e-05 -0.000277465
1001004	2910453760	  0.00198033     0.999997  0.000254063   0.00159231  0.000197183  7.08827e-05 -0.000277465            0            0            0
1001004	3012493312	  0.00201027     0.999997  0.000245173   0.00158766            0            0            0  0.000197183  7.08827e-05 -0.000277465
1001004	3012886528	   0.0020103     0.999997  0.000245232   0.00158767  0.000197183  7.08827e-05 -0.000277465            0            0            0
1001004	3013214208	  0.00201035     0.999997  0.000245249   0.00158766            0            0            0  0.000197183  7.08827e-05 -0.000277465
1001004	3115450368	  0.00200757     0.999997  0.000238491   0.00160145  0.000197183  7.08827e-05 -0.000277465            0            0            0
1001004	3115909120	  0.00200756     0.999997  0.000238624   0.00160143            0            0            0  0.000197183  7.08827e-05 -0.000277465
1001004	3116236800	  0.00200754     0.999997  0.000238653   0.00160149  0.000197183  7.08827e-05 -0.000277465            0            0            0
1001004	3218669568	  0.00200883     0.999997   0.00022139   0.00165278            0            0            0  0.000197183  7.08827e-05 -0.000277465
1001004	3219193856	  0.00200891     0.999997  0.000221386    0.0016528  0.000197183  7.08827e-05 -0.000277465            0            0            0
1001004	3219521536	   0.0020089     0.999997  0.000221376    0.0016528            0            0            0  0.000197183  7.08827e-05 -0.000277465
1001004	3321692160	  0.00199749     0.999997  0.000200465   0.00162343  0.000197183  7.08827e-05 -0.000277465            0            0            0
1001004	3322085376	  0.00199747     0.999997  0.000200625   0.00162346            0            0            0  0.000197183  7.08827e-05 -0.000277465
1001004	3322413056	   0.0019975     0.999997  0.000200585   0.00162343  0.000197183  7.08827e-05 -0.000277465            0            0            0
1001004	3424714752	  0.00199008     0.999997  0.000196037   0.00163941            0            0            0  0.000197183  7.08827e-05 -0.000277465
1001004	3425107968	  0.00199017     0.999997  0.000196028   0.00163941  0.000197183  7.08827e-05 -0.000277465            0            0            0
1001004	3425435648	   0.0019901     0.999997  0.000196077   0.00163943            0            0            0  0.000197183  7.08827e-05 -0.000277465
1001004	3527737344	  0.00196215     0.999997  0.000156436   0.00161721  0.000197183  7.08827e-05 -0.000277465            0            0            0
1001004	3528130560	   0.0019621     0.999997  0.000156467   0.00161716            0            0            0  0.000197183  7.08827e-05 -0.000277465
1001004	3528392704	  0.00196205     0.999997  0.000156482   0.00161709  0.000197183  7.08827e-05 -0.000277465            0            0            0
1001004	3630759936	  0.00199889     0.999997  0.000140135   0.00164473            0            0            0  0.000197183  7.08827e-05 -0.000277465
1001004	3631349760	  0.00199873     0.999997  0.000139981   0.00164464  0.000197183  7.08827e-05 -0.000277465            0            0            0
1001004	3631677440	   0.0019988     0.999997  0.000140006   0.00164472            0            0            0  0.000197183  7.08827e-05 -0.000277465
1001004	3733848064	  0.00198676     0.999997  0.000138965   0.00164555  0.000197183  7.08827e-05 -0.000277465            0            0            0
1001004	3734241280	  0.00198684     0.999997  0.000139094   0.00164559            0            0            0  0.000197183  7.08827e-05 -0.000277465
1001004	3734568960	  0.00557952     0.999983   0.00013283    0.0014605  4.51503e-05  7.86771e-05 -0.000278017  1.49838e-09  2.91554e-08 -1.10907e-10
1001004	3836870656	   0.0055818     0.999983  0.000137141   0.00146843  1.49838e-09  2.91554e-08 -1.10907e-10  4.51503e-05  7.86771e-05 -0.000278017
1001004	3837263872	  0.00558182     0.999983  0.000137228   0.00146843  4.51503e-05  7.86771e-05 -0.000278017  1.49838e-09  2.91554e-08 -1.10907e-10
1001004	3837722624	  0.00558178     0.999983  0.000137285   0.00146847  1.49838e-09  2.91554e-08 -1.10907e-10  4.51503e-05  7.86771e-05 -0.000278017
1001004	3940024320	  0.00558487     0.999983  0.000170636   0.00149254  4.51503e-05  7.86771e-05 -0.000278017  1.49838e-09  2.91554e-08 -1.10907e-10
1001004	3940483072	  0.00558487     0.999983  0.000170742    0.0014926  1.49838e-09  2.91554e-08 -1.10907e-10  4.51503e-05  7.86771e-05 -0.000278017
1001004	3940810752	  0.00558489     0.999983  0.000170833   0.00149259  4.51503e-05  7.86771e-05 -0.000278017  1.49838e-09  2.91554e-08 -1.10907e-10
1001004	4042981376	  0.00558273     0.999983  0.000151148   0.00152947  1.49838e-09  2.91554e-08 -1.10907e-10  4.51503e-05  7.86771e-05 -0.000278017
1001004	4043309056	   0.0055827     0.999983  0.000151195   0.00152953  4.51503e-05  7.86771e-05 -0.000278017  1.49838e-09  2.91554e-08 -1.10907e-10
1001004	4043636736	  0.00558284     0.999983  0.000151153    0.0015295  1.49838e-09  2.91554e-08 -1.10907e-10  4.51503e-05  7.86771e-05 -0.000278017
1001004	4145938432	  0.00558928     0.999983  0.000164841   0.00153601  4.51503e-05  7.86771e-05 -0.000278017  1.49838e-09  2.91554e-08 -1.10907e-10
1001004	4146331648	  0.00558921     0.999983  0.000164877   0.00153605  1.49838e-09  2.91554e-08 -1.10907e-10  4.51503e-05  7.86771e-05 -0.000278017
1001004	4146659328	  0.00558925     0.999983   0.00016484   0.00153602  4.51503e-05  7.86771e-05 -0.000278017  1.49838e-09  2.91554e-08 -1.10907e-10
1001004	4249157632	   0.0055955     0.999983  0.000139825   0.00155577  1.49838e-09  2.91554e-08 -1.10907e-10  4.51503e-05  7.86771e-05 -0.000278017
1001004	4249616384	  0.00559539     0.999983  0.000139821    0.0015558  4.51503e-05  7.86771e-05 -0.000278017  1.49838e-09  2.91554e-08 -1.10907e-10
1001004	4250206208	  0.00559538     0.999983  0.000139877   0.00155585  1.49838e-09  2.91554e-08 -1.10907e-10  4.51503e-05  7.86771e-05 -0.000278017
1001005	57212928	  0.00561503     0.999983  0.000151759   0.00154872  4.51503e-05  7.86771e-05 -0.000278017  1.49838e-09  2.91554e-08 -1.10907e-10
1001005	57606144	  0.00561492     0.999983  0.000151782   0.00154867  1.49838e-09  2.91554e-08 -1.10907e-10  4.51503e-05  7.86771e-05 -0.000278017
1001005	57933824	  0.00561491     0.999983  0.000151752    0.0015486  4.51503e-05  7.86771e-05 -0.000278017  1.49838e-09  2.91554e-08 -1.10907e-10
1001005	160432128	   0.0056545     0.999983  0.000167418   0.00155856  1.49838e-09  2.91554e-08 -1.10907e-10  4.51503e-05  7.86771e-05 -0.000278017
1001005	160956416	  0.00565444     0.999983  0.000167338   0.00155859  4.51503e-05  7.86771e-05 -0.000278017  1.49838e-09  2.91554e-08 -1.10907e-10
1001005	161349632	   0.0056545     0.999983  0.000167315   0.00155854  1.49838e-09  2.91554e-08 -1.10907e-10  4.51503e-05  7.86771e-05 -0.000278017
1001005	263258112	  0.00564452     0.999983   0.00016722   0.00157721  4.51503e-05  7.86771e-05 -0.000278017  1.49838e-09  2.91554e-08 -1.10907e-10
1001005	263651328	  0.00564456     0.999983  0.000167214   0.00157725  1.49838e-09  2.91554e-08 -1.10907e-10  4.51503e-05  7.86771e-05 -0.000278017
1001005	263979008	  0.00564453     0.999983  0.000167209   0.00157728  4.51503e-05  7.86771e-05 -0.000278017  1.49838e-09  2.91554e-08 -1.10907e-10
1001005	366346240	  0.00566848     0.999983  0.000178959   0.00161197  1.49838e-09  2.91554e-08 -1.10907e-10  4.51503e-05  7.86771e-05 -0.000278017
1001005	366870528	   0.0056684     0.999983  0.000178916   0.00161202  4.51503e-05  7.86771e-05 -0.000278017  1.49838e-09  2.91554e-08 -1.10907e-10
1001005	367329280	  0.00566818     0.999983  0.000178954   0.00161217  1.49838e-09  2.91554e-08 -1.10907e-10  4.51503e-05  7.86771e-05 -0.000278017
1001005	469368832	  0.00566249     0.999983  0.000183717   0.00160759  4.51503e-05  7.86771e-05 -0.000278017  1.49838e-09  2.91554e-08 -1.10907e-10
1001005	469762048	  0.00566257     0.999983  0.000183666   0.00160762  1.49838e-09  2.91554e-08 -1.10907e-10  4.51503e-05  7.86771e-05 -0.000278017
1001005	470089728	  0.00566252     0.999983  0.000183693   0.00160763  4.51503e-05  7.86771e-05 -0.000278017  1.49838e-09  2.91554e-08 -1.10907e-10
1001005	572522496	  0.00568265     0.999983  0.000193318   0.00159165  1.49838e-09  2.91554e-08 -1.10907e-10  4.51503e-05  7.86771e-05 -0.000278017
1001005	573046784	  0.00568253     0.999983  0.000193461   0.00159172  4.51503e-05  7.86771e-05 -0.000278017  1.49838e-09  2.91554e-08 -1.10907e-10
1001005	573374464	  0.00568249     0.999983   0.00019349   0.00159166  1.49838e-09  2.91554e-08 -1.10907e-10  4.51503e-05  7.86771e-05 -0.000278017
1001005	675414016	  0.00567954     0.999983  0.000205081   0.00158883  4.51503e-05  7.86771e-05 -0.000278017  1.49838e-09  2.91554e-08 -1.10907e-10
1001005	675807232	  0.00567956     0.999983  0.000205091   0.00158888  1.49838e-09  2.91554e-08 -1.10907e-10  4.51503e-05  7.86771e-05 -0.000278017
1001005	676134912	  0.00567959     0.999983  0.000205096    0.0015888  4.51503e-05  7.86771e-05 -0.000278017  1.49838e-09  2.91554e-08 -1.10907e-10
1001005	778436608	  0.00568362     0.999983  0.000198966   0.00159245  1.49838e-09  2.91554e-08 -1.10907e-10  4.51503e-05  7.86771e-05 -0.000278017
1001005	778829824	  0.00568368     0.999983    0.0001989   0.00159243  4.51503e-05  7.86771e-05 -0.000278017  1.49838e-09  2.91554e-08 -1.10907e-10
1001005	779157504	  0.00568368     0.999983  0.000198932   0.00159251  1.49838e-09  2.91554e-08 -1.10907e-10  4.51503e-05  7.86771e-05 -0.000278017
1001005	881393664	  0.00565732     0.999983  0.000189489   0.00160019  4.51503e-05  7.86771e-05 -0.000278017  1.49838e-09  2.91554e-08 -1.10907e-10
1001005	881786880	  0.00565731     0.999983  0.000189588   0.00160009  1.49838e-09  2.91554e-08 -1.10907e-10  4.51503e-05  7.86771e-05 -0.000278017
1001005	882114560	  0.00565723     0.999983  0.000189619   0.00160008  4.51503e-05  7.86771e-05 -0.000278017  1.49838e-09  2.91554e-08 -1.10907e-10
1001005	984481792	  0.00567274     0.999983  0.000180848   0.00157275  1.49838e-09  2.91554e-08 -1.10907e-10  4.51503e-05  7.86771e-05 -0.000278017
1001005	984940544	  0.00567274     0.999983  0.000180792   0.00157276  4.51503e-05  7.86771e-05 -0.000278017  1.49838e-09  2.91554e-08 -1.10907e-10
1001005	985268224	  0.00567284     0.999983  0.000180815    0.0015728  1.49838e-09  2.91554e-08 -1.10907e-10  4.51503e-05  7.86771e-05 -0.000278017
1001005	1087635456	  0.00567122     0.999983  0.000164593   0.00156521  4.51503e-05  7.86771e-05 -0.000278017  1.49838e-09  2.91554e-08 -1.10907e-10
1001005	1088225280	   0.0056711     0.999983  0.000164635   0.00156509  1.49838e-09  2.91554e-08 -1.10907e-10  4.51503e-05  7.86771e-05 -0.000278017
1001005	1088684032	  0.00567112     0.999983  0.000164651   0.00156496  4.51503e-05  7.86771e-05 -0.000278017  1.49838e-09  2.91554e-08 -1.10907e-10
1001005	1190658048	  0.00567001     0.999983  0.000164232   0.00156258  1.49838e-09  2.91554e-08 -1.10907e-10  4.51503e-05  7.86771e-05 -0.000278017
1001005	1191116800	  0.00566989     0.999983   0.00016427   0.00156268  4.51503e-05  7.86771e-05 -0.000278017  1.49838e-09  2.91554e-08 -1.10907e-10
1001005	1191641088	  0.00566998     0.999983   0.00016433   0.00156246  1.49838e-09  2.91554e-08 -1.10907e-10  4.51503e-05  7.86771e-05 -0.000278017
1001005	1293746176	  0.00566335     0.999983  0.000155103   0.00157999  4.51503e-05  7.86771e-05 -0.000278017  1.49838e-09  2.91554e-08 -1.10907e-10
1001005	1294139392	  0.00566341     0.999983  0.000155179    0.0015799  1.49838e-09  2.91554e-08 -1.10907e-10  4.51503e-05  7.86771e-05 -0.000278017
1001005	1294401536	  0.00566344     0.999983  0.000155143   0.00157988  4.51503e-05  7.86771e-05 -0.000278017  1.49838e-09  2.91554e-08 -1.10907e-10
1001005	1397227520	  0.00565562     0.999983   0.00015512   0.00157955  1.49838e-09  2.91554e-08 -1.10907e-10  4.51503e-05  7.86771e-05 -0.000278017
1001005	1397882880	  0.00565556     0.999983   0.00015515    0.0015793  4.51503e-05  7.86771e-05 -0.000278017  1.49838e-09  2.91554e-08 -1.10907e-10
1001005	1398407168	  0.00565549     0.999983  0.000155244   0.00157937  1.49838e-09  2.91554e-08 -1.10907e-10  4.51503e-05  7.86771e-05 -0.000278017
1001005	1499856896	  0.00566056     0.999983  0.000141795   0.00157399  4.51503e-05  7.86771e-05 -0.000278017  1.49838e-09  2.91554e-08 -1.10907e-10
1001005	1500250112	  0.00566058     0.999983  0.000141685   0.00157401  1.49838e-09  2.91554e-08 -1.10907e-10  4.51503e-05  7.86771e-05 -0.000278017
1001005	1500774400	  0.00566054     0.999983  0.000141772   0.00157397  4.51503e-05  7.86771e-05 -0.000278017  1.49838e-09  2.91554e-08 -1.10907e-10
1001005	1602945024	  0.00565615     0.999983  0.000147205   0.00160024  1.49838e-09  2.91554e-08 -1.10907e-10  4.51503e-05  7.86771e-05 -0.000278017
1001005	1603731456	   0.0056561     0.999983   0.00014736   0.00160034  4.51503e-05  7.86771e-05 -0.000278017  1.49838e-09  2.91554e-08 -1.10907e-10
1001005	1604124672	  0.00565615     0.999983  0.000147401    0.0016003  1.49838e-09  2.91554e-08 -1.10907e-10  4.51503e-05  7.86771e-05 -0.000278017
1001005	1706098688	  0.00563793     0.999983  0.000156242   0.00159496  4.51503e-05  7.86771e-05 -0.000278017  1.49838e-09  2.91554e-08 -1.10907e-10
1001005	1706557440	  0.00563797     0.999983  0.000156269   0.00159503  1.49838e-09  2.91554e-08 -1.10907e-10  4.51503e-05  7.86771e-05 -0.000278017
1001005	1706885120	  0.00563792     0.999983  0.000156267   0.00159492  4.51503e-05  7.86771e-05 -0.000278017  1.49838e-09  2.91554e-08 -1.10907e-10
1001005	1808924672	  0.00564084     0.999983  0.000132687   0.00159886  1.49838e-09  2.91554e-08 -1.10907e-10  4.51503e-05  7.86771e-05 -0.000278017
1001005	1809448960	  0.00564085     0.999983  0.000132595   0.00159886  4.51503e-05  7.86771e-05 -0.000278017  1.49838e-09  2.91554e-08 -1.10907e-10
1001005	1809973248	  0.00564087     0.999983  0.000132628    0.0015989  1.49838e-09  2.91554e-08 -1.10907e-10  4.51503e-05  7.86771e-05 -0.000278017
1001005	1912012800	  0.00562089     0.999983   0.00014407   0.00159504  4.51503e-05  7.86771e-05 -0.000278017  1.49838e-09  2.91554e-08 -1.10907e-10
1001005	1912537088	  0.00562089     0.999983  0.000144269   0.00159509  1.49838e-09  2.91554e-08 -1.10907e-10  4.51503e-05  7.86771e-05 -0.000278017
1001005	1913061376	  0.00562088     0.999983  0.000144052   0.00159509  4.51503e-05  7.86771e-05 -0.000278017  1.49838e-09  2.91554e-08 -1.10907e-10
1001005	2015100928	  0.00562963     0.999983  0.000132355    0.0015939  1.49838e-09  2.91554e-08 -1.10907e-10  4.51503e-05  7.86771e-05 -0.000278017
1001005	2015625216	  0.00562965     0.999983   0.00013233   0.00159403  4.51503e-05  7.86771e-05 -0.000278017  1.49838e-09  2.91554e-08 -1.10907e-10
1001005	2016149504	  0.00562971     0.999983  0.000132163   0.00159429  1.49838e-09  2.91554e-08 -1.10907e-10  4.51503e-05  7.86771e-05 -0.000278017
1001005	2118189056	  0.00563155     0.999983  0.000108893   0.00162614  4.51503e-05  7.86771e-05 -0.000278017  1.49838e-09  2.91554e-08 -1.10907e-10
1001005	2118713344	  0.00563145     0.999983  0.000108942   0.00162602  1.49838e-09  2.91554e-08 -1.10907e-10  4.51503e-05  7.86771e-05 -0.000278017
1001005	2119172096	  0.00563144     0.999983  0.000108962   0.00162597  4.51503e-05  7.86771e-05 -0.000278017  1.49838e-09  2.91554e-08 -1.10907e-10
1001005	2221146112	   0.0056182     0.999983  0.000111799   0.00163042  1.49838e-09  2.91554e-08 -1.10907e-10  4.51503e-05  7.86771e-05 -0.000278017
1001005	2221735936	  0.00561834     0.999983  0.000111797   0.00163036  4.51503e-05  7.86771e-05 -0.000278017  1.49838e-09  2.91554e-08 -1.10907e-10
1001005	2222194688	   0.0056183     0.999983  0.000111888   0.00163031  1.49838e-09  2.91554e-08 -1.10907e-10  4.51503e-05  7.86771e-05 -0.000278017
1001005	2324168704	  0.00561066     0.999983  8.18466e-05   0.00165845  4.51503e-05  7.86771e-05 -0.000278017  1.49838e-09  2.91554e-08 -1.10907e-10
1001005	2324692992	  0.00561068     0.999983  8.18101e-05   0.00165842  1.49838e-09  2.91554e-08 -1.10907e-10  4.51503e-05  7.86771e-05 -0.000278017
1001005	2325151744	  0.00561073     0.999983  8.18205e-05   0.00165849  4.51503e-05  7.86771e-05 -0.000278017  1.49838e-09  2.91554e-08 -1.10907e-10
1001005	2427256832	  0.00557303     0.999983  8.82351e-05   0.00164833  1.49838e-09  2.91554e-08 -1.10907e-10  4.51503e-05  7.86771e-05 -0.000278017
1001005	2427781120	  0.00557302     0.999983  8.82778e-05   0.00164828  4.51503e-05  7.86771e-05 -0.000278017  1.49838e-09  2.91554e-08 -1.10907e-10
1001005	2428305408	  0.00557303     0.999983  8.82462e-05   0.00164833  1.49838e-09  2.91554e-08 -1.10907e-10  4.51503e-05  7.86771e-05 -0.000278017
1001005	2530279424	  0.00556079     0.999983   0.00011353   0.00165088  4.51503e-05  7.86771e-05 -0.000278017  1.49838e-09  2.91554e-08 -1.10907e-10
1001005	2530738176	   0.0055608     0.999983  0.000113505   0.00165086  1.49838e-09  2.91554e-08 -1.10907e-10  4.51503e-05  7.86771e-05 -0.000278017
1001005	2531262464	  0.00556066     0.999983  0.000113648   0.00165086  4.51503e-05  7.86771e-05 -0.000278017  1.49838e-09  2.91554e-08 -1.10907e-10
1001005	2633433088	  0.00555234     0.999983   8.5692e-05   0.00166507  1.49838e-09  2.91554e-08 -1.10907e-10  4.51503e-05  7.86771e-05 -0.000278017
1001005	2634022912	  0.00555246     0.999983  8.57807e-05   0.00166517  4.51503e-05  7.86771e-05 -0.000278017  1.49838e-09  2.91554e-08 -1.10907e-10
1001005	2634481664	  0.00555249     0.999983  8.57064e-05   0.00166509  1.49838e-09  2.91554e-08 -1.10907e-10  4.51503e-05  7.86771e-05 -0.000278017
1001005	2736324608	  0.00555779     0.999983  9.98344e-05   0.00164041  4.51503e-05  7.86771e-05 -0.000278017  1.49838e-09  2.91554e-08 -1.10907e-10
1001005	2736914432	  0.00555776     0.999983  9.99424e-05   0.00164029  1.49838e-09  2.91554e-08 -1.10907e-10  4.51503e-05  7.86771e-05 -0.000278017
1001005	2737373184	  0.00555781     0.999983  9.98072e-05    0.0016402  4.51503e-05  7.86771e-05 -0.000278017  1.49838e-09  2.91554e-08 -1.10907e-10
1001005	2839412736	  0.00555769     0.999983  0.000101015   0.00166191  1.49838e-09  2.91554e-08 -1.10907e-10  4.51503e-05  7.86771e-05 -0.000278017
1001005	2839805952	  0.00555772     0.999983  0.000101009   0.00166193  4.51503e-05  7.86771e-05 -0.000278017  1.49838e-09  2.91554e-08 -1.10907e-10
1001005	2840133632	  0.00555779     0.999983  0.000101051   0.00166195  1.49838e-09  2.91554e-08 -1.10907e-10  4.51503e-05  7.86771e-05 -0.000278017
1001005	2942435328	  0.00558493     0.999983  0.000119994    0.0016538  4.51503e-05  7.86771e-05 -0.000278017  1.49838e-09  2.91554e-08 -1.10907e-10
1001005	2942894080	  0.00558502     0.999983  0.000120076   0.00165382  1.49838e-09  2.91554e-08 -1.10907e-10  4.51503e-05  7.86771e-05 -0.000278017
1001005	2943287296	  0.00558499     0.999983  0.000120112   0.00165377  4.51503e-05  7.86771e-05 -0.000278017  1.49838e-09  2.91554e-08 -1.10907e-10
1001005	3045654528	  0.00560371     0.999983  0.000145127   0.00163357  1.49838e-09  2.91554e-08 -1.10907e-10  4.51503e-05  7.86771e-05 -0.000278017
1001005	3046047744	  0.00560378     0.999983  0.000145169   0.00163366  4.51503e-05  7.86771e-05 -0.000278017  1.49838e-09  2.91554e-08 -1.10907e-10
1001005	3046375424	  0.00560376     0.999983  0.000145236    0.0016336  1.49838e-09  2.91554e-08 -1.10907e-10  4.51503e-05  7.86771e-05 -0.000278017
1001005	3148611584	  0.00559309     0.999983  0.000140033   0.00166747  4.51503e-05  7.86771e-05 -0.000278017  1.49838e-09  2.91554e-08 -1.10907e-10
1001005	3149070336	   0.0055932     0.999983  0.000140069   0.00166745  1.49838e-09  2.91554e-08 -1.10907e-10  4.51503e-05  7.86771e-05 -0.000278017
1001005	3149398016	  0.00559323     0.999983  0.000140053   0.00166741  4.51503e-05  7.86771e-05 -0.000278017  1.49838e-09  2.91554e-08 -1.10907e-10
1001005	3251503104	  0.00558245     0.999983  0.000138216   0.00168257  1.49838e-09  2.91554e-08 -1.10907e-10  4.51503e-05  7.86771e-05 -0.000278017
1001005	3251896320	  0.00558246     0.999983  0.000138189   0.00168255  4.51503e-05  7.86771e-05 -0.000278017  1.49838e-09  2.91554e-08 -1.10907e-10
1001005	3252224000	  0.00558247     0.999983  0.000138289   0.00168249  1.49838e-09  2.91554e-08 -1.10907e-10  4.51503e-05  7.86771e-05 -0.000278017
1001005	3354656768	  0.00558088     0.999983  0.000130883   0.00169569  4.51503e-05  7.86771e-05 -0.000278017  1.49838e-09  2.91554e-08 -1.10907e-10
1001005	3355181056	  0.00558093     0.999983  0.000130904   0.00169563  1.49838e-09  2.91554e-08 -1.10907e-10  4.51503e-05  7.86771e-05 -0.000278017
1001005	3355639808	  0.00558093     0.999983  0.000130968   0.00169565  4.51503e-05  7.86771e-05 -0.000278017  1.49838e-09  2.91554e-08 -1.10907e-10
1001005	3457613824	  0.00558138     0.999983  0.000147417   0.00171005  1.49838e-09  2.91554e-08 -1.10907e-10  4.51503e-05  7.86771e-05 -0.000278017
1001005	3458072576	  0.00558145     0.999983  0.000147387   0.00171023  4.51503e-05  7.86771e-05 -0.000278017  1.49838e-09  2.91554e-08 -1.10907e-10
1001005	3458596864	   0.0055814     0.999983  0.000147386   0.00171009  1.49838e-09  2.91554e-08 -1.10907e-10  4.51503e-05  7.86771e-05 -0.000278017
1001005	3560767488	   0.0055924     0.999983  0.000164189   0.00172011  4.51503e-05  7.86771e-05 -0.000278017  1.49838e-09  2.91554e-08 -1.10907e-10
1001005	3561553920	  0.00559234     0.999983   0.00016406   0.00172021  1.49838e-09  2.91554e-08 -1.10907e-10  4.51503e-05  7.86771e-05 -0.000278017
1001005	3562012672	  0.00559226     0.999983  0.000164048   0.00172018  4.51503e-05  7.86771e-05 -0.000278017  1.49838e-09  2.91554e-08 -1.10907e-10
1001005	3663790080	  0.00555706     0.999983  0.000196063    0.0017152  1.49838e-09  2.91554e-08 -1.10907e-10  4.51503e-05  7.86771e-05 -0.000278017
1001005	3664248832	  0.00555716     0.999983  0.000196008   0.00171533  4.51503e-05  7.86771e-05 -0.000278017  1.49838e-09  2.91554e-08 -1.10907e-10
1001005	3664576512	  0.00555719     0.999983  0.000196043    0.0017153  1.49838e-09  2.91554e-08 -1.10907e-10  4.51503e-05  7.86771e-05 -0.000278017
1001005	3766681600	  0.00557364     0.999983  0.000205351   0.00168617  4.51503e-05  7.86771e-05 -0.000278017  1.49838e-09  2.91554e-08 -1.10907e-10
1001005	3767140352	  0.00557357     0.999983  0.000205385   0.00168627  1.49838e-09  2.91554e-08 -1.10907e-10  4.51503e-05  7.86771e-05 -0.000278017
1001005	3767402496	   0.0129034     0.999916  0.000191435   0.00140056 -0.000253105  9.02668e-05 -0.000279108  3.73289e-09  8.69695e-08 -1.22154e-09
1001005	3869900800	   0.0129125     0.999916  0.000216372   0.00140388  3.73289e-09  8.69695e-08 -1.22154e-09 -0.000253105  9.02668e-05 -0.000279108
1001005	3870359552	   0.0129126     0.999916  0.000216252   0.00140387 -0.000253105  9.02668e-05 -0.000279108  3.73289e-09  8.69695e-08 -1.22154e-09
1001005	3870687232	   0.0129127     0.999916  0.000216284   0.00140381  3.73289e-09  8.69695e-08 -1.22154e-09 -0.000253105  9.02668e-05 -0.000279108
1001005	3972792320	   0.0129251     0.999915  0.000205704   0.00139671 -0.000253105  9.02668e-05 -0.000279108  3.73289e-09  8.69695e-08 -1.22154e-09
1001005	3973251072	   0.0129251     0.999915  0.000205703   0.00139669  3.73289e-09  8.69695e-08 -1.22154e-09 -0.000253105  9.02668e-05 -0.000279108
1001005	3973578752	   0.0129251     0.999915  0.000205719   0.00139668 -0.000253105  9.02668e-05 -0.000279108  3.73289e-09  8.69695e-08 -1.22154e-09
1001005	4075880448	   0.0129509     0.999915  0.000184144   0.00137242  3.73289e-09  8.69695e-08 -1.22154e-09 -0.000253105  9.02668e-05 -0.000279108
1001005	4076339200	    0.012951     0.999915  0.000184226   0.00137225 -0.000253105  9.02668e-05 -0.000279108  3.73289e-09  8.69695e-08 -1.22154e-09
1001005	4076666880	    0.012951     0.999915  0.000184277   0.00137233  3.73289e-09  8.69695e-08 -1.22154e-09 -0.000253105  9.02668e-05 -0.000279108
1001005	4178968576	   0.0129668     0.999915  0.000163231   0.00135999 -0.000253105  9.02668e-05 -0.000279108  3.73289e-09  8.69695e-08 -1.22154e-09
1001005	4179361792	   0.0129668     0.999915  0.000163346   0.00136003  3.73289e-09  8.69695e-08 -1.22154e-09 -0.000253105  9.02668e-05 -0.000279108
1001005	4179689472	   0.0129669     0.999915  0.000163313   0.00136006 -0.000253105  9.02668e-05 -0.000279108  3.73289e-09  8.69695e-08 -1.22154e-09
1001005	4281991168	   0.0129787     0.999915  0.000183379   0.00132948  3.73289e-09  8.69695e-08 -1.22154e-09 -0.000253105  9.02668e-05 -0.000279108
1001005	4282384384	   0.0129787     0.999915  0.000183344   0.00132958 -0.000253105  9.02668e-05 -0.000279108  3.73289e-09  8.69695e-08 -1.22154e-09
1001005	4282712064	   0.0129787     0.999915  0.000183294   0.00132956  3.73289e-09  8.69695e-08 -1.22154e-09 -0.000253105  9.02668e-05 -0.000279108
1001006	89980928	   0.0129804     0.999915  0.000166942   0.00135379 -0.000253105  9.02668e-05 -0.000279108  3.73289e-09  8.69695e-08 -1.22154e-09
1001006	90439680	   0.0129805     0.999915  0.000166891   0.00135377  3.73289e-09  8.69695e-08 -1.22154e-09 -0.000253105  9.02668e-05 -0.000279108
1001006	90767360	   0.0129806     0.999915  0.000166946   0.00135377 -0.000253105  9.02668e-05 -0.000279108  3.73289e-09  8.69695e-08 -1.22154e-09
1001006	193003520	   0.0129555     0.999915  0.000182478   0.00137268  3.73289e-09  8.69695e-08 -1.22154e-09 -0.000253105  9.02668e-05 -0.000279108
1001006	193396736	   0.0129556     0.999915    0.0001825   0.00137277 -0.000253105  9.02668e-05 -0.000279108  3.73289e-09  8.69695e-08 -1.22154e-09
1001006	193724416	   0.0129556     0.999915  0.000182508   0.00137289  3.73289e-09  8.69695e-08 -1.22154e-09 -0.000253105  9.02668e-05 -0.000279108
1001006	296157184	   0.0129671     0.999915  0.000175873   0.00139096 -0.000253105  9.02668e-05 -0.000279108  3.73289e-09  8.69695e-08 -1.22154e-09
1001006	296681472	    0.012967     0.999915  0.000175894   0.00139096  3.73289e-09  8.69695e-08 -1.22154e-09 -0.000253105  9.02668e-05 -0.000279108
1001006	297140224	    0.012967     0.999915  0.000175992   0.00139097 -0.000253105  9.02668e-05 -0.000279108  3.73289e-09  8.69695e-08 -1.22154e-09
1001006	399114240	   0.0129886     0.999915  0.000185129   0.00138892  3.73289e-09  8.69695e-08 -1.22154e-09 -0.000253105  9.02668e-05 -0.000279108
1001006	399638528	   0.0129886     0.999915  0.000185131   0.00138905 -0.000253105  9.02668e-05 -0.000279108  3.73289e-09  8.69695e-08 -1.22154e-09
1001006	400162816	   0.0129887     0.999915  0.000185096   0.00138915  3.73289e-09  8.69695e-08 -1.22154e-09 -0.000253105  9.02668e-05 -0.000279108
1001006	502136832	   0.0129746     0.999915  0.000174593   0.00140172 -0.000253105  9.02668e-05 -0.000279108  3.73289e-09  8.69695e-08 -1.22154e-09
1001006	502661120	   0.0129747     0.999915  0.000174701   0.00140176  3.73289e-09  8.69695e-08 -1.22154e-09 -0.000253105  9.02668e-05 -0.000279108
1001006	503185408	   0.0129748     0.999915  0.000174714   0.00140171 -0.000253105  9.02668e-05 -0.000279108  3.73289e-09  8.69695e-08 -1.22154e-09
1001006	605290496	   0.0129804     0.999915  0.000170212   0.00137939  3.73289e-09  8.69695e-08 -1.22154e-09 -0.000253105  9.02668e-05 -0.000279108
1001006	605814784	   0.0129803     0.999915  0.000170374    0.0013794 -0.000253105  9.02668e-05 -0.000279108  3.73289e-09  8.69695e-08 -1.22154e-09
1001006	606273536	   0.0129802     0.999915  0.000170349   0.00137928  3.73289e-09  8.69695e-08 -1.22154e-09 -0.000253105  9.02668e-05 -0.000279108
1001006	708378624	    0.012963     0.999915  0.000173521   0.00136528 -0.000253105  9.02668e-05 -0.000279108  3.73289e-09  8.69695e-08 -1.22154e-09
1001006	708968448	   0.0129628     0.999915  0.000173404   0.00136538  3.73289e-09  8.69695e-08 -1.22154e-09 -0.000253105  9.02668e-05 -0.000279108
1001006	709427200	   0.0129628     0.999915   0.00017349    0.0013653 -0.000253105  9.02668e-05 -0.000279108  3.73289e-09  8.69695e-08 -1.22154e-09
1001006	811335680	   0.0129448     0.999915  0.000179593   0.00136938  3.73289e-09  8.69695e-08 -1.22154e-09 -0.000253105  9.02668e-05 -0.000279108
1001006	811794432	   0.0129449     0.999915  0.000179577   0.00136939 -0.000253105  9.02668e-05 -0.000279108  3.73289e-09  8.69695e-08 -1.22154e-09
1001006	812318720	    0.012945     0.999915   0.00017963   0.00136954  3.73289e-09  8.69695e-08 -1.22154e-09 -0.000253105  9.02668e-05 -0.000279108
1001006	914358272	   0.0129608     0.999915  0.000177582   0.00138964 -0.000253105  9.02668e-05 -0.000279108  3.73289e-09  8.69695e-08 -1.22154e-09
1001006	914817024	   0.0129608     0.999915  0.000177607   0.00138958  3.73289e-09  8.69695e-08 -1.22154e-09 -0.000253105  9.02668e-05 -0.000279108
1001006	915144704	   0.0129609     0.999915  0.000177513   0.00138958 -0.000253105  9.02668e-05 -0.000279108  3.73289e-09  8.69695e-08 -1.22154e-09
1001006	1017511936	    0.012928     0.999915   0.00019251   0.00140352  3.73289e-09  8.69695e-08 -1.22154e-09 -0.000253105  9.02668e-05 -0.000279108
1001006	1018101760	   0.0129281     0.999915  0.000192486   0.00140362 -0.000253105  9.02668e-05 -0.000279108  3.73289e-09  8.69695e-08 -1.22154e-09
1001006	1018626048	   0.0129281     0.999915  0.000192518   0.00140371  3.73289e-09  8.69695e-08 -1.22154e-09 -0.000253105  9.02668e-05 -0.000279108
1001006	1120796672	   0.0129193     0.999916  0.000202391   0.00138795 -0.000253105  9.02668e-05 -0.000279108  3.73289e-09  8.69695e-08 -1.22154e-09
1001006	1121452032	   0.0129192     0.999916  0.000202384   0.00138807  3.73289e-09  8.69695e-08 -1.22154e-09 -0.000253105  9.02668e-05 -0.000279108
1001006	1122041856	   0.0129194     0.999916  0.000202231   0.00138811 -0.000253105  9.02668e-05 -0.000279108  3.73289e-09  8.69695e-08 -1.22154e-09
1001006	1223753728	   0.0129393     0.999915  0.000204721   0.00139284  3.73289e-09  8.69695e-08 -1.22154e-09 -0.000253105  9.02668e-05 -0.000279108
1001006	1224409088	   0.0129393     0.999915  0.000204738   0.00139276 -0.000253105  9.02668e-05 -0.000279108  3.73289e-09  8.69695e-08 -1.22154e-09
1001006	1225064448	   0.0129394     0.999915  0.000204735   0.00139289  3.73289e-09  8.69695e-08 -1.22154e-09 -0.000253105  9.02668e-05 -0.000279108
1001006	1326907392	   0.0129492     0.999915  0.000202605   0.00142675 -0.000253105  9.02668e-05 -0.000279108  3.73289e-09  8.69695e-08 -1.22154e-09
1001006	1327628288	   0.0129492     0.999915  0.000202813   0.00142677  3.73289e-09  8.69695e-08 -1.22154e-09 -0.000253105  9.02668e-05 -0.000279108
1001006	1328152576	   0.0129492     0.999915  0.000202944   0.00142672 -0.000253105  9.02668e-05 -0.000279108  3.73289e-09  8.69695e-08 -1.22154e-09
1001006	1429667840	   0.0129231     0.999915  0.000197464    0.0014377  3.73289e-09  8.69695e-08 -1.22154e-09 -0.000253105  9.02668e-05 -0.000279108
1001006	1430126592	    0.012923     0.999915   0.00019739   0.00143765 -0.000253105  9.02668e-05 -0.000279108  3.73289e-09  8.69695e-08 -1.22154e-09
1001006	1430454272	   0.0129232     0.999915  0.000197392   0.00143755  3.73289e-09  8.69695e-08 -1.22154e-09 -0.000253105  9.02668e-05 -0.000279108
1001006	1532821504	   0.0129007     0.999916  0.000195408   0.00146087 -0.000253105  9.02668e-05 -0.000279108  3.73289e-09  8.69695e-08 -1.22154e-09
1001006	1533214720	   0.0129006     0.999916   0.00019544    0.0014609  3.73289e-09  8.69695e-08 -1.22154e-09 -0.000253105  9.02668e-05 -0.000279108
1001006	1533607936	   0.0129006     0.999916  0.000195487   0.00146082 -0.000253105  9.02668e-05 -0.000279108  3.73289e-09  8.69695e-08 -1.22154e-09
1001006	1635844096	   0.0128985     0.999916  0.000178124   0.00146086  3.73289e-09  8.69695e-08 -1.22154e-09 -0.000253105  9.02668e-05 -0.000279108
1001006	1636368384	   0.0128985     0.999916  0.000178143   0.00146091 -0.000253105  9.02668e-05 -0.000279108  3.73289e-09  8.69695e-08 -1.22154e-09
1001006	1636696064	   0.0128985     0.999916  0.000178123   0.00146092  3.73289e-09  8.69695e-08 -1.22154e-09 -0.000253105  9.02668e-05 -0.000279108
1001006	1738932224	   0.0129106     0.999916   0.00015024   0.00144852 -0.000253105  9.02668e-05 -0.000279108  3.73289e-09  8.69695e-08 -1.22154e-09
1001006	1739653120	   0.0129106     0.999916  0.000150404   0.00144849  3.73289e-09  8.69695e-08 -1.22154e-09 -0.000253105  9.02668e-05 -0.000279108
1001006	1740111872	   0.0129105     0.999916  0.000150431   0.00144852 -0.000253105  9.02668e-05 -0.000279108  3.73289e-09  8.69695e-08 -1.22154e-09
1001006	1841954816	   0.0129021     0.999916  0.000157165   0.00145135  3.73289e-09  8.69695e-08 -1.22154e-09 -0.000253105  9.02668e-05 -0.000279108
1001006	1842413568	    0.012902     0.999916  0.000157129   0.00145142 -0.000253105  9.02668e-05 -0.000279108  3.73289e-09  8.69695e-08 -1.22154e-09
1001006	1842806784	   0.0129021     0.999916  0.000157284   0.00145138  3.73289e-09  8.69695e-08 -1.22154e-09 -0.000253105  9.02668e-05 -0.000279108
1001006	1944977408	   0.0129028     0.999916   0.00018028   0.00145758 -0.000253105  9.02668e-05 -0.000279108  3.73289e-09  8.69695e-08 -1.22154e-09
1001006	1945501696	   0.0129028     0.999916  0.000180199   0.00145754  3.73289e-09  8.69695e-08 -1.22154e-09 -0.000253105  9.02668e-05 -0.000279108
1001006	1945894912	   0.0129029     0.999916  0.000180191   0.00145758 -0.000253105  9.02668e-05 -0.000279108  3.73289e-09  8.69695e-08 -1.22154e-09
1001006	2047868928	   0.0128891     0.999916  0.000183031   0.00141527  3.73289e-09  8.69695e-08 -1.22154e-09 -0.000253105  9.02668e-05 -0.000279108
1001006	2048327680	   0.0128891     0.999916  0.000183123   0.00141536 -0.000253105  9.02668e-05 -0.000279108  3.73289e-09  8.69695e-08 -1.22154e-09
1001006	2048720896	   0.0128893     0.999916   0.00018312   0.00141533  3.73289e-09  8.69695e-08 -1.22154e-09 -0.000253105  9.02668e-05 -0.000279108
1001006	2151022592	   0.0128854     0.999916  0.000173172    0.0014012 -0.000253105  9.02668e-05 -0.000279108  3.73289e-09  8.69695e-08 -1.22154e-09
1001006	2151415808	   0.0128854     0.999916  0.000173156   0.00140117  3.73289e-09  8.69695e-08 -1.22154e-09 -0.000253105  9.02668e-05 -0.000279108
1001006	2151874560	   0.0128854     0.999916  0.000173136   0.00140107 -0.000253105  9.02668e-05 -0.000279108  3.73289e-09  8.69695e-08 -1.22154e-09
1001006	2254176256	   0.0128912     0.999916  0.000155405    0.0014032  3.73289e-09  8.69695e-08 -1.22154e-09 -0.000253105  9.02668e-05 -0.000279108
1001006	2254569472	   0.0128913     0.999916  0.000155413   0.00140317 -0.000253105  9.02668e-05 -0.000279108  3.73289e-09  8.69695e-08 -1.22154e-09
1001006	2254897152	   0.0128913     0.999916  0.000155441   0.00140318  3.73289e-09  8.69695e-08 -1.22154e-09 -0.000253105  9.02668e-05 -0.000279108
1001006	2357067776	   0.0128949     0.999916  0.000155488   0.00139497 -0.000253105  9.02668e-05 -0.000279108  3.73289e-09  8.69695e-08 -1.22154e-09
1001006	2357526528	    0.012895     0.999916  0.000155536   0.00139493  3.73289e-09  8.69695e-08 -1.22154e-09 -0.000253105  9.02668e-05 -0.000279108
1001006	2357854208	    0.012895     0.999916  0.000155478   0.00139504 -0.000253105  9.02668e-05 -0.000279108  3.73289e-09  8.69695e-08 -1.22154e-09
1001006	2460090368	   0.0129201     0.999916  0.000137676   0.00141349  3.73289e-09  8.69695e-08 -1.22154e-09 -0.000253105  9.02668e-05 -0.000279108
1001006	2460483584	     0.01292     0.999916  0.000137698   0.00141352 -0.000253105  9.02668e-05 -0.000279108  3.73289e-09  8.69695e-08 -1.22154e-09
1001006	2460811264	     0.01292     0.999916  0.000137739   0.00141354  3.73289e-09  8.69695e-08 -1.22154e-09 -0.000253105  9.02668e-05 -0.000279108
1001006	2563112960	   0.0129233     0.999915  0.000124687   0.00142245 -0.000253105  9.02668e-05 -0.000279108  3.73289e-09  8.69695e-08 -1.22154e-09
1001006	2563440640	   0.0129234     0.999915  0.000124638   0.00142242  3.73289e-09  8.69695e-08 -1.22154e-09 -0.000253105  9.02668e-05 -0.000279108
1001006	2563768320	   0.0129234     0.999915  0.000124666   0.00142242 -0.000253105  9.02668e-05 -0.000279108  3.73289e-09  8.69695e-08 -1.22154e-09
1001006	2666201088	    0.012927     0.999915  0.000140708   0.00139653  3.73289e-09  8.69695e-08 -1.22154e-09 -0.000253105  9.02668e-05 -0.000279108
1001006	2666594304	    0.012927     0.999915  0.000140801   0.00139657 -0.000253105  9.02668e-05 -0.000279108  3.73289e-09  8.69695e-08 -1.22154e-09
1001006	2666921984	   0.0129271     0.999915  0.000140792   0.00139658  3.73289e-09  8.69695e-08 -1.22154e-09 -0.000253105  9.02668e-05 -0.000279108
1001006	2769223680	    0.012964     0.999915  0.000140938   0.00139314 -0.000253105  9.02668e-05 -0.000279108  3.73289e-09  8.69695e-08 -1.22154e-09
1001006	2769616896	    0.012964     0.999915  0.000140843   0.00139304  3.73289e-09  8.69695e-08 -1.22154e-09 -0.000253105  9.02668e-05 -0.000279108
1001006	2769944576	   0.0129641     0.999915  0.000140904    0.0013931 -0.000253105  9.02668e-05 -0.000279108  3.73289e-09  8.69695e-08 -1.22154e-09
1001006	2872442880	   0.0129605     0.999915   0.00015322   0.00140855  3.73289e-09  8.69695e-08 -1.22154e-09 -0.000253105  9.02668e-05 -0.000279108
1001006	2873032704	   0.0129604     0.999915  0.000153166   0.00140849 -0.000253105  9.02668e-05 -0.000279108  3.73289e-09  8.69695e-08 -1.22154e-09
1001006	2873491456	   0.0129605     0.999915  0.000153106   0.00140849  3.73289e-09  8.69695e-08 -1.22154e-09 -0.000253105  9.02668e-05 -0.000279108
1001006	2975399936	   0.0129418     0.999915  0.000164173   0.00143219 -0.000253105  9.02668e-05 -0.000279108  3.73289e-09  8.69695e-08 -1.22154e-09
1001006	2975858688	   0.0129418     0.999915  0.000164227   0.00143225  3.73289e-09  8.69695e-08 -1.22154e-09 -0.000253105  9.02668e-05 -0.000279108
1001006	2976120832	   0.0129419     0.999915  0.000164212   0.00143225 -0.000253105  9.02668e-05 -0.000279108  3.73289e-09  8.69695e-08 -1.22154e-09
1001006	3078422528	   0.0129374     0.999915  0.000159551   0.00142429  3.73289e-09  8.69695e-08 -1.22154e-09 -0.000253105  9.02668e-05 -0.000279108
1001006	3078750208	   0.0129374     0.999915  0.000159575   0.00142428 -0.000253105  9.02668e-05 -0.000279108  3.73289e-09  8.69695e-08 -1.22154e-09
1001006	3079077888	   0.0129374     0.999915  0.000159541   0.00142423  3.73289e-09  8.69695e-08 -1.22154e-09 -0.000253105  9.02668e-05 -0.000279108
1001006	3181576192	   0.0129336     0.999915  0.000169155   0.00139511 -0.000253105  9.02668e-05 -0.000279108  3.73289e-09  8.69695e-08 -1.22154e-09
1001006	3181969408	   0.0129336     0.999915  0.000169156    0.0013951  3.73289e-09  8.69695e-08 -1.22154e-09 -0.000253105  9.02668e-05 -0.000279108
1001006	3182559232	   0.0129337     0.999915  0.000169239   0.00139504 -0.000253105  9.02668e-05 -0.000279108  3.73289e-09  8.69695e-08 -1.22154e-09
1001006	3284533248	   0.0129503     0.999915  0.000169409   0.00141009  3.73289e-09  8.69695e-08 -1.22154e-09 -0.000253105  9.02668e-05 -0.000279108
1001006	3284992000	   0.0129503     0.999915  0.000169458   0.00141007 -0.000253105  9.02668e-05 -0.000279108  3.73289e-09  8.69695e-08 -1.22154e-09
1001006	3285319680	   0.0129503     0.999915  0.000169513   0.00141007  3.73289e-09  8.69695e-08 -1.22154e-09 -0.000253105  9.02668e-05 -0.000279108
1001006	3387621376	   0.0129434     0.999915  0.000151018   0.00140805 -0.000253105  9.02668e-05 -0.000279108  3.73289e-09  8.69695e-08 -1.22154e-09
1001006	3388014592	   0.0129434     0.999915  0.000151133   0.00140815  3.73289e-09  8.69695e-08 -1.22154e-09 -0.000253105  9.02668e-05 -0.000279108
1001006	3388342272	   0.0129434     0.999915  0.000151101   0.00140808 -0.000253105  9.02668e-05 -0.000279108  3.73289e-09  8.69695e-08 -1.22154e-09
1001006	3490709504	   0.0129399     0.999915  0.000156645   0.00142761  3.73289e-09  8.69695e-08 -1.22154e-09 -0.000253105  9.02668e-05 -0.000279108
1001006	3491168256	   0.0129399     0.999915  0.000156622   0.00142766 -0.000253105  9.02668e-05 -0.000279108  3.73289e-09  8.69695e-08 -1.22154e-09
1001006	3491495936	     0.01294     0.999915  0.000156596    0.0014277  3.73289e-09  8.69695e-08 -1.22154e-09 -0.000253105  9.02668e-05 -0.000279108
1001006	3593797632	   0.0129324     0.999915  0.000171935   0.00144552 -0.000253105  9.02668e-05 -0.000279108  3.73289e-09  8.69695e-08 -1.22154e-09
1001006	3594190848	   0.0129326     0.999915  0.000171981   0.00144537  3.73289e-09  8.69695e-08 -1.22154e-09 -0.000253105  9.02668e-05 -0.000279108
1001006	3594518528	   0.0129326     0.999915  0.000171937   0.00144545 -0.000253105  9.02668e-05 -0.000279108  3.73289e-09  8.69695e-08 -1.22154e-09
1001006	3696558080	   0.0129177     0.999916  0.000177301   0.00143809  3.73289e-09  8.69695e-08 -1.22154e-09 -0.000253105  9.02668e-05 -0.000279108
1001006	3697082368	   0.0129177     0.999916  0.000177317   0.00143809 -0.000253105  9.02668e-05 -0.000279108  3.73289e-09  8.69695e-08 -1.22154e-09
1001006	3697606656	   0.0129178     0.999916  0.000177321   0.00143806  3.73289e-09  8.69695e-08 -1.22154e-09 -0.000253105  9.02668e-05 -0.000279108
1001006	3799318528	   0.0129148     0.999916  0.000183596   0.00144516 -0.000253105  9.02668e-05 -0.000279108  3.73289e-09  8.69695e-08 -1.22154e-09
1001006	3799908352	   0.0129149     0.999916  0.000183595   0.00144516  3.73289e-09  8.69695e-08 -1.22154e-09 -0.000253105  9.02668e-05 -0.000279108
1001006	3800367104	   0.0275391      0.99962  0.000156725   0.00101166 -0.000825034  0.000107097 -0.000281156  7.05315e-09  1.98931e-07 -7.77332e-09
1001006	3902996480	   0.0275312      0.99962  0.000142793   0.00103965  7.05315e-09  1.98931e-07 -7.77332e-09 -0.000825034  0.000107097 -0.000281156
1001006	3903651840	   0.0275314      0.99962  0.000142862   0.00103963 -0.000825034  0.000107097 -0.000281156  7.05315e-09  1.98931e-07 -7.77332e-09
1001006	3904110592	   0.0275315      0.99962  0.000142863   0.00103953  7.05315e-09  1.98931e-07 -7.77332e-09 -0.000825034  0.000107097 -0.000281156
1001006	4005625856	   0.0275451      0.99962  0.000150045   0.00104361 -0.000825034  0.000107097 -0.000281156  7.05315e-09  1.98931e-07 -7.77332e-09
1001006	4006084608	   0.0275451      0.99962  0.000150184   0.00104359  7.05315e-09  1.98931e-07 -7.77332e-09 -0.000825034  0.000107097 -0.000281156
1001006	4006346752	   0.0275451      0.99962  0.000150212   0.00104351 -0.000825034  0.000107097 -0.000281156  7.05315e-09  1.98931e-07 -7.77332e-09
1001006	4108713984	   0.0275619      0.99962  0.000138189   0.00105599  7.05315e-09  1.98931e-07 -7.77332e-09 -0.000825034  0.000107097 -0.000281156
1001006	4109172736	    0.027562      0.99962  0.000138045   0.00105589 -0.000825034  0.000107097 -0.000281156  7.05315e-09  1.98931e-07 -7.77332e-09
1001006	4109434880	    0.027562      0.99962  0.000138089   0.00105592  7.05315e-09  1.98931e-07 -7.77332e-09 -0.000825034  0.000107097 -0.000281156
1001006	4211802112	   0.0275819     0.999619  0.000129324   0.00108165 -0.000825034  0.000107097 -0.000281156  7.05315e-09  1.98931e-07 -7.77332e-09
1001006	4212195328	   0.0275819     0.999619  0.000129361   0.00108151  7.05315e-09  1.98931e-07 -7.77332e-09 -0.000825034  0.000107097 -0.000281156
1001006	4212523008	    0.027582     0.999619  0.000129322    0.0010815 -0.000825034  0.000107097 -0.000281156  7.05315e-09  1.98931e-07 -7.77332e-09
1001007	19857408	   0.0275627     0.999619   0.00013385   0.00109512  7.05315e-09  1.98931e-07 -7.77332e-09 -0.000825034  0.000107097 -0.000281156
1001007	20447232	   0.0275627     0.999619  0.000133872   0.00109522 -0.000825034  0.000107097 -0.000281156  7.05315e-09  1.98931e-07 -7.77332e-09
1001007	21102592	   0.0275626     0.999619  0.000133902   0.00109529  7.05315e-09  1.98931e-07 -7.77332e-09 -0.000825034  0.000107097 -0.000281156
1001007	123207680	   0.0275529      0.99962  0.000122499   0.00109594 -0.000825034  0.000107097 -0.000281156  7.05315e-09  1.98931e-07 -7.77332e-09
1001007	123863040	   0.0275529      0.99962  0.000122461   0.00109589  7.05315e-09  1.98931e-07 -7.77332e-09 -0.000825034  0.000107097 -0.000281156
1001007	124387328	   0.0275529      0.99962  0.000122439   0.00109581 -0.000825034  0.000107097 -0.000281156  7.05315e-09  1.98931e-07 -7.77332e-09
1001007	226295808	   0.0275699     0.999619  0.000130119   0.00109259  7.05315e-09  1.98931e-07 -7.77332e-09 -0.000825034  0.000107097 -0.000281156
1001007	227016704	   0.0275701     0.999619  0.000130054   0.00109271 -0.000825034  0.000107097 -0.000281156  7.05315e-09  1.98931e-07 -7.77332e-09
1001007	227475456	   0.0275701     0.999619  0.000130097   0.00109265  7.05315e-09  1.98931e-07 -7.77332e-09 -0.000825034  0.000107097 -0.000281156
1001007	328859648	   0.0275582      0.99962  0.000121557   0.00109399 -0.000825034  0.000107097 -0.000281156  7.05315e-09  1.98931e-07 -7.77332e-09
1001007	329449472	   0.0275581      0.99962  0.000121608   0.00109392  7.05315e-09  1.98931e-07 -7.77332e-09 -0.000825034  0.000107097 -0.000281156
1001007	329908224	   0.0275581      0.99962  0.000121715   0.00109378 -0.000825034  0.000107097 -0.000281156  7.05315e-09  1.98931e-07 -7.77332e-09
1001007	432340992	   0.0275597      0.99962  0.000120181   0.00109463  7.05315e-09  1.98931e-07 -7.77332e-09 -0.000825034  0.000107097 -0.000281156
1001007	433061888	   0.0275597      0.99962  0.000120154   0.00109474 -0.000825034  0.000107097 -0.000281156  7.05315e-09  1.98931e-07 -7.77332e-09
1001007	433520640	   0.0275597      0.99962  0.000120297   0.00109484  7.05315e-09  1.98931e-07 -7.77332e-09 -0.000825034  0.000107097 -0.000281156
1001007	535560192	   0.0275603      0.99962  0.000113225    0.0011099 -0.000825034  0.000107097 -0.000281156  7.05315e-09  1.98931e-07 -7.77332e-09
1001007	536281088	   0.0275603      0.99962  0.000113187   0.00110993  7.05315e-09  1.98931e-07 -7.77332e-09 -0.000825034  0.000107097 -0.000281156
1001007	536739840	   0.0275604      0.99962  0.000113266   0.00110988 -0.000825034  0.000107097 -0.000281156  7.05315e-09  1.98931e-07 -7.77332e-09
1001007	810418176	   0.0276259     0.999618  0.000100831    0.0010648  7.05315e-09  1.98931e-07 -7.77332e-09 -0.000825034  0.000107097 -0.000281156
1001007	810942464	    0.027626     0.999618   0.00010097   0.00106462 -0.000825034  0.000107097 -0.000281156  7.05315e-09  1.98931e-07 -7.77332e-09
1001007	811204608	    0.027626     0.999618  0.000100973   0.00106463  7.05315e-09  1.98931e-07 -7.77332e-09 -0.000825034  0.000107097 -0.000281156
1001007	811532288	    0.027626     0.999618  0.000100926    0.0010646 -0.000825034  0.000107097 -0.000281156  7.05315e-09  1.98931e-07 -7.77332e-09
1001007	811859968	    0.027626     0.999618  0.000100877   0.00106465  7.05315e-09  1.98931e-07 -7.77332e-09 -0.000825034  0.000107097 -0.000281156
1001007	1257701376	   0.0275245     0.999621  0.000143929  0.000930085 -0.000825034  0.000107097 -0.000281156  7.05315e-09  1.98931e-07 -7.77332e-09
1001007	1258422272	   0.0275247     0.999621  0.000144054  0.000930016  7.05315e-09  1.98931e-07 -7.77332e-09 -0.000825034  0.000107097 -0.000281156
1001007	1258881024	   0.0275246     0.999621  0.000143961  0.000930082 -0.000825034  0.000107097 -0.000281156  7.05315e-09  1.98931e-07 -7.77332e-09
1001007	1259339776	   0.0275247     0.999621  0.000143975   0.00093015  7.05315e-09  1.98931e-07 -7.77332e-09 -0.000825034  0.000107097 -0.000281156
1001007	1259864064	   0.0275248     0.999621   0.00014412  0.000930234 -0.000825034  0.000107097 -0.000281156  7.05315e-09  1.98931e-07 -7.77332e-09
